-100000
-99991
-99991
-99990
-99983
-99982
-99979
-99973
-99967
-99965
-99963
-99956
-99950
-99949
-99947
-99936
-99935
-99933
-99930
-99923
-99922
-99918
-99907
-99907
-99903
-99899
-99897
-99893
-99879
-99874
-99865
-99863
-99858
-99847
-99846
-99845
-99840
-99832
-99831
-99828
-99825
-99822
-99821
-99819
-99814
-99814
-99811
-99811
-99808
-99807
-99804
-99800
-99798
-99796
-99794
-99794
-99793
-99786
-99784
-99782
-99779
-99775
-99774
-99772
-99771
-99760
-99759
-99757
-99755
-99749
-99749
-99743
-99738
-99732
-99727
-99726
-99723
-99722
-99718
-99718
-99709
-99709
-99707
-99696
-99688
-99688
-99687
-99685
-99685
-99684
-99684
-99683
-99681
-99678
-99671
-99668
-99664
-99655
-99645
-99645
-99644
-99643
-99641
-99641
-99640
-99639
-99630
-99626
-99626
-99623
-99621
-99610
-99605
-99604
-99592
-99592
-99585
-99584
-99583
-99577
-99577
-99569
-99566
-99560
-99555
-99550
-99548
-99547
-99544
-99539
-99537
-99530
-99529
-99527
-99524
-99522
-99522
-99517
-99515
-99510
-99508
-99506
-99505
-99504
-99504
-99503
-99502
-99501
-99501
-99501
-99498
-99497
-99494
-99485
-99482
-99482
-99475
-99470
-99464
-99463
-99460
-99460
-99456
-99444
-99443
-99440
-99439
-99437
-99436
-99436
-99434
-99428
-99422
-99421
-99408
-99404
-99399
-99392
-99388
-99388
-99386
-99384
-99383
-99378
-99378
-99366
-99365
-99364
-99364
-99361
-99353
-99346
-99339
-99338
-99338
-99336
-99333
-99330
-99327
-99325
-99323
-99321
-99319
-99312
-99308
-99304
-99297
-99292
-99292
-99291
-99275
-99270
-99270
-99268
-99260
-99255
-99254
-99248
-99247
-99242
-99233
-99231
-99228
-99224
-99224
-99223
-99223
-99219
-99214
-99209
-99208
-99205
-99198
-99197
-99196
-99192
-99192
-99192
-99191
-99190
-99188
-99185
-99181
-99174
-99170
-99166
-99166
-99165
-99161
-99154
-99153
-99150
-99148
-99147
-99146
-99143
-99140
-99138
-99136
-99125
-99121
-99117
-99115
-99115
-99114
-99113
-99113
-99110
-99108
-99107
-99107
-99104
-99102
-99101
-99098
-99095
-99091
-99090
-99090
-99088
-99088
-99087
-99086
-99085
-99082
-99081
-99079
-99075
-99068
-99065
-99063
-99057
-99053
-99052
-99048
-99045
-99044
-99042
-99038
-99034
-99029
-99022
-99021
-99013
-99007
-99005
-99002
-99001
-99001
-98997
-98995
-98995
-98992
-98989
-98983
-98980
-98978
-98977
-98976
-98976
-98972
-98971
-98952
-98951
-98947
-98945
-98940
-98940
-98939
-98937
-98929
-98928
-98927
-98922
-98919
-98918
-98918
-98909
-98905
-98902
-98898
-98896
-98896
-98889
-98888
-98887
-98887
-98885
-98883
-98880
-98879
-98876
-98864
-98863
-98860
-98859
-98857
-98849
-98849
-98848
-98844
-98840
-98838
-98837
-98836
-98832
-98829
-98828
-98827
-98826
-98825
-98823
-98822
-98818
-98816
-98816
-98814
-98808
-98806
-98806
-98805
-98802
-98795
-98787
-98787
-98786
-98782
-98773
-98771
-98770
-98770
-98769
-98762
-98757
-98755
-98755
-98748
-98747
-98742
-98740
-98739
-98735
-98733
-98731
-98729
-98728
-98727
-98727
-98726
-98719
-98717
-98713
-98702
-98702
-98700
-98698
-98693
-98690
-98688
-98687
-98684
-98683
-98681
-98680
-98675
-98671
-98670
-98664
-98663
-98660
-98659
-98658
-98654
-98654
-98642
-98639
-98634
-98632
-98631
-98630
-98621
-98619
-98619
-98611
-98602
-98601
-98599
-98598
-98595
-98588
-98583
-98563
-98560
-98555
-98554
-98552
-98546
-98542
-98538
-98532
-98532
-98530
-98528
-98519
-98519
-98516
-98513
-98512
-98508
-98505
-98502
-98501
-98498
-98497
-98495
-98490
-98488
-98485
-98484
-98484
-98482
-98481
-98481
-98479
-98478
-98478
-98473
-98472
-98472
-98467
-98465
-98463
-98461
-98458
-98458
-98454
-98450
-98445
-98444
-98436
-98436
-98431
-98430
-98425
-98421
-98421
-98415
-98415
-98411
-98409
-98407
-98396
-98390
-98390
-98389
-98384
-98378
-98376
-98374
-98373
-98370
-98367
-98364
-98360
-98360
-98360
-98359
-98358
-98358
-98357
-98356
-98354
-98354
-98347
-98346
-98346
-98344
-98344
-98342
-98339
-98335
-98330
-98329
-98325
-98318
-98317
-98311
-98301
-98298
-98296
-98288
-98284
-98280
-98278
-98265
-98264
-98264
-98263
-98261
-98261
-98259
-98256
-98251
-98248
-98239
-98236
-98234
-98234
-98232
-98228
-98220
-98220
-98217
-98208
-98206
-98204
-98182
-98181
-98173
-98168
-98147
-98144
-98141
-98137
-98130
-98130
-98130
-98126
-98126
-98124
-98122
-98120
-98117
-98117
-98116
-98112
-98105
-98104
-98104
-98102
-98100
-98100
-98090
-98090
-98082
-98080
-98075
-98070
-98058
-98056
-98049
-98043
-98037
-98035
-98035
-98025
-98025
-98021
-98019
-98018
-98017
-98016
-98015
-98009
-98004
-97999
-97999
-97998
-97997
-97988
-97988
-97988
-97986
-97982
-97978
-97978
-97970
-97965
-97965
-97958
-97958
-97952
-97952
-97952
-97951
-97951
-97946
-97945
-97937
-97934
-97932
-97932
-97929
-97927
-97925
-97924
-97920
-97914
-97909
-97903
-97900
-97900
-97896
-97894
-97891
-97887
-97874
-97873
-97866
-97866
-97863
-97862
-97861
-97854
-97849
-97849
-97846
-97835
-97833
-97832
-97827
-97825
-97823
-97814
-97813
-97803
-97803
-97802
-97802
-97802
-97798
-97798
-97798
-97793
-97792
-97785
-97780
-97779
-97777
-97773
-97767
-97760
-97756
-97756
-97755
-97751
-97751
-97750
-97749
-97744
-97743
-97742
-97736
-97728
-97728
-97714
-97711
-97705
-97701
-97700
-97697
-97695
-97694
-97689
-97689
-97687
-97680
-97679
-97675
-97667
-97663
-97659
-97649
-97643
-97639
-97631
-97629
-97629
-97628
-97628
-97618
-97618
-97617
-97615
-97613
-97613
-97612
-97610
-97609
-97606
-97605
-97604
-97604
-97603
-97600
-97599
-97597
-97595
-97590
-97587
-97587
-97585
-97584
-97584
-97579
-97576
-97573
-97572
-97560
-97559
-97553
-97547
-97544
-97521
-97518
-97518
-97516
-97515
-97512
-97509
-97509
-97506
-97502
-97500
-97495
-97494
-97490
-97482
-97478
-97475
-97475
-97473
-97472
-97470
-97468
-97464
-97463
-97463
-97461
-97460
-97459
-97458
-97454
-97451
-97450
-97447
-97445
-97444
-97443
-97441
-97433
-97432
-97432
-97430
-97429
-97425
-97421
-97421
-97421
-97419
-97415
-97408
-97402
-97398
-97395
-97393
-97391
-97387
-97386
-97373
-97366
-97365
-97363
-97360
-97357
-97349
-97347
-97341
-97340
-97340
-97339
-97338
-97337
-97336
-97335
-97334
-97328
-97325
-97319
-97317
-97316
-97315
-97314
-97310
-97307
-97307
-97306
-97298
-97297
-97296
-97290
-97289
-97284
-97284
-97283
-97282
-97280
-97276
-97272
-97264
-97263
-97260
-97255
-97253
-97246
-97240
-97240
-97235
-97225
-97223
-97220
-97220
-97219
-97212
-97211
-97206
-97202
-97200
-97194
-97189
-97187
-97184
-97175
-97174
-97168
-97165
-97162
-97162
-97159
-97157
-97151
-97147
-97147
-97137
-97136
-97136
-97136
-97136
-97135
-97135
-97134
-97133
-97131
-97122
-97117
-97108
-97104
-97093
-97092
-97089
-97079
-97073
-97072
-97065
-97063
-97062
-97058
-97057
-97056
-97048
-97039
-97038
-97034
-97032
-97028
-97027
-97021
-97019
-97014
-97013
-97011
-97010
-97002
-96996
-96991
-96989
-96988
-96984
-96979
-96977
-96962
-96961
-96959
-96954
-96946
-96934
-96934
-96930
-96929
-96915
-96914
-96912
-96912
-96911
-96911
-96909
-96906
-96906
-96903
-96901
-96901
-96900
-96899
-96897
-96896
-96896
-96893
-96891
-96885
-96884
-96880
-96877
-96875
-96869
-96864
-96860
-96860
-96855
-96854
-96853
-96839
-96837
-96831
-96826
-96818
-96802
-96802
-96799
-96790
-96789
-96787
-96786
-96783
-96778
-96777
-96776
-96773
-96770
-96764
-96762
-96761
-96754
-96753
-96751
-96749
-96749
-96746
-96736
-96735
-96735
-96727
-96725
-96723
-96720
-96719
-96717
-96716
-96714
-96713
-96708
-96705
-96705
-96699
-96695
-96685
-96685
-96682
-96681
-96680
-96680
-96677
-96674
-96671
-96671
-96669
-96662
-96659
-96659
-96656
-96653
-96650
-96649
-96641
-96638
-96638
-96636
-96632
-96630
-96629
-96628
-96613
-96611
-96610
-96603
-96594
-96592
-96592
-96588
-96586
-96584
-96581
-96580
-96579
-96572
-96566
-96564
-96564
-96564
-96562
-96560
-96554
-96550
-96546
-96543
-96541
-96538
-96534
-96534
-96534
-96533
-96532
-96532
-96531
-96530
-96519
-96517
-96509
-96505
-96494
-96493
-96492
-96491
-96489
-96481
-96479
-96478
-96474
-96466
-96461
-96459
-96459
-96456
-96452
-96451
-96449
-96449
-96445
-96444
-96444
-96443
-96441
-96440
-96435
-96429
-96425
-96423
-96419
-96415
-96405
-96396
-96392
-96390
-96390
-96389
-96388
-96388
-96385
-96378
-96367
-96366
-96365
-96358
-96356
-96356
-96353
-96352
-96351
-96349
-96344
-96341
-96341
-96335
-96333
-96333
-96331
-96312
-96302
-96301
-96292
-96291
-96288
-96283
-96277
-96276
-96271
-96270
-96269
-96268
-96256
-96256
-96251
-96247
-96238
-96235
-96233
-96230
-96226
-96225
-96221
-96221
-96218
-96217
-96207
-96205
-96196
-96194
-96193
-96183
-96176
-96176
-96170
-96170
-96167
-96163
-96160
-96159
-96157
-96144
-96136
-96120
-96111
-96106
-96103
-96103
-96102
-96101
-96087
-96076
-96071
-96061
-96058
-96056
-96049
-96048
-96046
-96044
-96044
-96043
-96038
-96034
-96027
-96026
-96016
-96015
-96015
-96012
-96009
-96007
-96004
-96002
-96002
-95998
-95992
-95990
-95986
-95976
-95969
-95967
-95962
-95962
-95961
-95957
-95954
-95948
-95944
-95942
-95927
-95925
-95925
-95922
-95919
-95915
-95913
-95911
-95910
-95907
-95904
-95898
-95898
-95893
-95890
-95888
-95887
-95885
-95873
-95872
-95871
-95869
-95864
-95858
-95857
-95857
-95856
-95850
-95840
-95832
-95832
-95831
-95830
-95827
-95827
-95827
-95823
-95818
-95813
-95807
-95799
-95798
-95795
-95784
-95784
-95774
-95774
-95770
-95769
-95769
-95765
-95762
-95760
-95753
-95751
-95750
-95746
-95735
-95735
-95729
-95728
-95723
-95721
-95716
-95713
-95712
-95709
-95707
-95702
-95702
-95701
-95701
-95695
-95687
-95685
-95685
-95684
-95679
-95675
-95674
-95673
-95669
-95668
-95665
-95664
-95664
-95662
-95661
-95656
-95652
-95652
-95651
-95649
-95643
-95642
-95634
-95631
-95631
-95630
-95626
-95620
-95617
-95616
-95609
-95600
-95600
-95599
-95598
-95594
-95594
-95593
-95589
-95588
-95586
-95577
-95575
-95570
-95570
-95567
-95565
-95554
-95550
-95547
-95539
-95538
-95538
-95529
-95527
-95524
-95512
-95512
-95511
-95509
-95506
-95506
-95499
-95496
-95495
-95487
-95487
-95485
-95485
-95477
-95470
-95467
-95466
-95465
-95464
-95462
-95458
-95456
-95456
-95454
-95439
-95437
-95435
-95433
-95430
-95429
-95428
-95425
-95419
-95419
-95418
-95416
-95409
-95408
-95406
-95405
-95404
-95404
-95395
-95395
-95392
-95385
-95383
-95380
-95380
-95377
-95357
-95354
-95350
-95349
-95343
-95342
-95341
-95339
-95337
-95325
-95324
-95322
-95316
-95315
-95303
-95302
-95299
-95294
-95294
-95293
-95277
-95274
-95270
-95266
-95262
-95255
-95252
-95251
-95247
-95246
-95243
-95240
-95240
-95240
-95237
-95225
-95222
-95215
-95213
-95212
-95198
-95198
-95197
-95197
-95193
-95192
-95191
-95189
-95184
-95178
-95168
-95167
-95167
-95165
-95157
-95150
-95135
-95133
-95123
-95119
-95116
-95115
-95100
-95092
-95091
-95090
-95086
-95083
-95081
-95076
-95075
-95074
-95073
-95065
-95065
-95062
-95061
-95059
-95052
-95052
-95051
-95042
-95040
-95036
-95032
-95030
-95028
-95027
-95019
-95017
-95013
-95012
-95010
-95004
-95004
-95004
-95001
-94995
-94985
-94982
-94982
-94977
-94974
-94970
-94969
-94966
-94961
-94954
-94950
-94950
-94947
-94945
-94939
-94932
-94931
-94931
-94929
-94928
-94927
-94925
-94925
-94922
-94906
-94905
-94901
-94894
-94888
-94886
-94885
-94880
-94876
-94872
-94868
-94862
-94855
-94854
-94843
-94838
-94838
-94837
-94836
-94833
-94829
-94829
-94828
-94822
-94814
-94804
-94804
-94803
-94802
-94796
-94793
-94788
-94782
-94780
-94777
-94774
-94769
-94768
-94767
-94765
-94763
-94762
-94761
-94756
-94755
-94753
-94735
-94732
-94728
-94726
-94721
-94717
-94715
-94715
-94712
-94707
-94705
-94705
-94703
-94702
-94702
-94699
-94698
-94698
-94696
-94695
-94691
-94678
-94677
-94674
-94662
-94662
-94657
-94651
-94650
-94649
-94642
-94641
-94639
-94639
-94638
-94637
-94633
-94633
-94631
-94628
-94626
-94625
-94623
-94621
-94621
-94620
-94613
-94610
-94608
-94604
-94600
-94599
-94598
-94594
-94593
-94592
-94590
-94588
-94587
-94586
-94584
-94573
-94567
-94567
-94566
-94563
-94563
-94556
-94555
-94554
-94549
-94544
-94544
-94540
-94538
-94537
-94536
-94532
-94530
-94528
-94520
-94519
-94517
-94517
-94512
-94510
-94505
-94503
-94502
-94502
-94498
-94496
-94493
-94492
-94489
-94484
-94480
-94480
-94478
-94472
-94462
-94448
-94448
-94445
-94442
-94436
-94430
-94429
-94428
-94426
-94423
-94419
-94414
-94414
-94409
-94405
-94404
-94395
-94395
-94390
-94389
-94388
-94384
-94382
-94375
-94372
-94368
-94368
-94365
-94361
-94358
-94356
-94355
-94354
-94348
-94336
-94333
-94333
-94332
-94325
-94324
-94314
-94314
-94312
-94312
-94312
-94310
-94307
-94306
-94299
-94296
-94292
-94287
-94285
-94284
-94283
-94279
-94278
-94278
-94273
-94271
-94268
-94265
-94264
-94258
-94256
-94250
-94246
-94242
-94235
-94234
-94231
-94231
-94231
-94230
-94229
-94224
-94224
-94223
-94218
-94215
-94210
-94207
-94206
-94200
-94197
-94197
-94196
-94189
-94186
-94183
-94181
-94176
-94174
-94170
-94169
-94168
-94166
-94160
-94150
-94149
-94146
-94145
-94135
-94134
-94130
-94126
-94122
-94118
-94113
-94111
-94108
-94107
-94095
-94087
-94085
-94084
-94077
-94071
-94069
-94068
-94061
-94052
-94050
-94047
-94041
-94037
-94028
-94024
-94024
-94022
-94020
-94019
-94019
-94016
-94015
-94015
-94015
-94010
-94004
-93999
-93991
-93990
-93983
-93982
-93978
-93969
-93961
-93958
-93954
-93952
-93946
-93935
-93935
-93930
-93930
-93930
-93929
-93928
-93921
-93911
-93905
-93894
-93890
-93886
-93885
-93876
-93863
-93861
-93860
-93857
-93851
-93851
-93850
-93847
-93846
-93837
-93836
-93836
-93835
-93835
-93833
-93832
-93832
-93828
-93824
-93822
-93817
-93815
-93812
-93807
-93805
-93804
-93801
-93796
-93791
-93791
-93785
-93784
-93783
-93763
-93763
-93753
-93753
-93751
-93749
-93746
-93746
-93740
-93735
-93733
-93721
-93720
-93719
-93719
-93715
-93711
-93707
-93697
-93694
-93694
-93689
-93684
-93684
-93682
-93680
-93679
-93677
-93677
-93675
-93675
-93669
-93666
-93664
-93661
-93660
-93659
-93656
-93652
-93646
-93646
-93637
-93635
-93630
-93629
-93626
-93622
-93617
-93614
-93613
-93613
-93610
-93608
-93607
-93606
-93605
-93604
-93601
-93597
-93587
-93587
-93587
-93585
-93582
-93581
-93577
-93567
-93561
-93560
-93556
-93555
-93553
-93552
-93551
-93550
-93535
-93533
-93533
-93532
-93526
-93524
-93520
-93519
-93512
-93506
-93505
-93503
-93497
-93486
-93485
-93482
-93481
-93480
-93475
-93474
-93473
-93472
-93469
-93466
-93466
-93465
-93463
-93459
-93456
-93454
-93453
-93451
-93450
-93445
-93436
-93434
-93429
-93424
-93412
-93409
-93407
-93403
-93396
-93394
-93391
-93387
-93385
-93384
-93377
-93374
-93370
-93361
-93348
-93338
-93337
-93331
-93330
-93324
-93323
-93321
-93316
-93299
-93296
-93295
-93294
-93292
-93292
-93286
-93283
-93283
-93280
-93280
-93280
-93276
-93274
-93263
-93262
-93249
-93246
-93239
-93238
-93234
-93231
-93230
-93224
-93224
-93224
-93221
-93211
-93210
-93207
-93205
-93204
-93203
-93201
-93196
-93196
-93194
-93194
-93193
-93193
-93191
-93190
-93182
-93176
-93172
-93172
-93171
-93171
-93169
-93167
-93166
-93163
-93160
-93159
-93155
-93147
-93146
-93136
-93129
-93119
-93115
-93108
-93107
-93106
-93102
-93100
-93099
-93098
-93093
-93086
-93084
-93072
-93067
-93065
-93064
-93058
-93057
-93056
-93049
-93047
-93027
-93020
-93014
-93014
-93013
-93011
-93010
-93007
-93007
-93005
-93005
-92997
-92994
-92985
-92977
-92977
-92977
-92972
-92968
-92966
-92965
-92963
-92958
-92957
-92945
-92945
-92945
-92938
-92935
-92930
-92918
-92914
-92911
-92903
-92901
-92892
-92885
-92885
-92883
-92876
-92868
-92868
-92866
-92865
-92857
-92854
-92851
-92842
-92840
-92839
-92838
-92836
-92834
-92834
-92833
-92823
-92820
-92819
-92818
-92813
-92811
-92809
-92808
-92805
-92797
-92797
-92796
-92795
-92794
-92790
-92785
-92781
-92774
-92773
-92769
-92769
-92766
-92762
-92758
-92753
-92752
-92750
-92747
-92745
-92744
-92740
-92736
-92736
-92732
-92725
-92719
-92719
-92712
-92709
-92706
-92704
-92702
-92701
-92699
-92698
-92693
-92692
-92686
-92683
-92681
-92680
-92678
-92678
-92675
-92675
-92673
-92672
-92650
-92649
-92639
-92634
-92633
-92632
-92626
-92617
-92615
-92614
-92611
-92611
-92611
-92611
-92610
-92605
-92600
-92586
-92584
-92584
-92583
-92581
-92574
-92571
-92571
-92559
-92556
-92553
-92552
-92548
-92547
-92545
-92544
-92541
-92537
-92536
-92533
-92530
-92526
-92526
-92523
-92522
-92519
-92518
-92516
-92512
-92504
-92498
-92497
-92496
-92490
-92484
-92479
-92477
-92473
-92472
-92465
-92462
-92458
-92458
-92456
-92454
-92450
-92448
-92447
-92446
-92446
-92442
-92441
-92438
-92430
-92422
-92421
-92413
-92409
-92407
-92402
-92401
-92400
-92399
-92396
-92391
-92387
-92387
-92387
-92387
-92385
-92380
-92380
-92376
-92375
-92369
-92368
-92364
-92362
-92360
-92357
-92353
-92351
-92349
-92349
-92347
-92345
-92344
-92341
-92334
-92325
-92320
-92319
-92317
-92307
-92306
-92302
-92294
-92283
-92277
-92277
-92273
-92272
-92270
-92261
-92261
-92254
-92250
-92249
-92248
-92247
-92247
-92241
-92234
-92232
-92232
-92228
-92228
-92226
-92226
-92222
-92213
-92210
-92209
-92209
-92209
-92209
-92198
-92196
-92190
-92188
-92187
-92185
-92184
-92183
-92174
-92173
-92163
-92155
-92153
-92152
-92146
-92143
-92141
-92136
-92135
-92132
-92132
-92130
-92129
-92126
-92126
-92121
-92121
-92119
-92114
-92113
-92111
-92105
-92103
-92094
-92089
-92086
-92085
-92083
-92076
-92073
-92069
-92068
-92067
-92063
-92057
-92051
-92051
-92051
-92050
-92047
-92047
-92045
-92044
-92043
-92041
-92041
-92034
-92033
-92022
-92022
-92021
-92021
-92019
-92019
-92017
-92015
-92013
-92006
-91996
-91990
-91987
-91987
-91987
-91985
-91985
-91978
-91971
-91969
-91968
-91966
-91961
-91960
-91957
-91956
-91950
-91950
-91947
-91939
-91936
-91935
-91934
-91926
-91925
-91925
-91924
-91923
-91921
-91918
-91914
-91913
-91913
-91911
-91903
-91901
-91900
-91896
-91891
-91889
-91888
-91887
-91880
-91879
-91878
-91877
-91875
-91875
-91869
-91859
-91858
-91857
-91856
-91855
-91852
-91851
-91849
-91847
-91844
-91843
-91834
-91833
-91832
-91830
-91827
-91825
-91823
-91818
-91816
-91816
-91810
-91808
-91793
-91791
-91791
-91783
-91780
-91774
-91771
-91767
-91766
-91763
-91762
-91761
-91756
-91755
-91753
-91747
-91747
-91746
-91742
-91732
-91722
-91721
-91721
-91721
-91718
-91712
-91712
-91711
-91709
-91709
-91709
-91706
-91696
-91695
-91692
-91692
-91685
-91680
-91675
-91664
-91658
-91656
-91655
-91652
-91648
-91641
-91638
-91638
-91623
-91620
-91619
-91619
-91618
-91612
-91610
-91609
-91604
-91602
-91599
-91597
-91596
-91589
-91575
-91575
-91570
-91566
-91566
-91565
-91560
-91560
-91556
-91551
-91548
-91545
-91544
-91538
-91538
-91538
-91537
-91536
-91534
-91533
-91533
-91532
-91530
-91526
-91525
-91524
-91515
-91510
-91497
-91494
-91487
-91486
-91486
-91481
-91478
-91478
-91472
-91472
-91465
-91463
-91462
-91460
-91460
-91454
-91454
-91450
-91450
-91449
-91448
-91445
-91437
-91437
-91433
-91432
-91424
-91410
-91409
-91404
-91392
-91389
-91387
-91378
-91377
-91374
-91373
-91370
-91367
-91362
-91359
-91358
-91357
-91354
-91343
-91337
-91332
-91331
-91330
-91327
-91311
-91310
-91309
-91304
-91302
-91302
-91300
-91300
-91295
-91294
-91293
-91292
-91284
-91284
-91277
-91276
-91276
-91275
-91271
-91270
-91269
-91268
-91264
-91263
-91262
-91262
-91261
-91260
-91259
-91254
-91248
-91245
-91239
-91235
-91235
-91230
-91230
-91222
-91218
-91213
-91209
-91206
-91200
-91198
-91197
-91197
-91195
-91193
-91191
-91186
-91184
-91183
-91181
-91181
-91181
-91170
-91167
-91164
-91163
-91157
-91154
-91151
-91150
-91146
-91140
-91139
-91133
-91130
-91130
-91129
-91124
-91124
-91124
-91122
-91114
-91112
-91106
-91095
-91094
-91093
-91089
-91086
-91086
-91085
-91083
-91082
-91078
-91077
-91072
-91071
-91070
-91066
-91065
-91063
-91063
-91060
-91058
-91056
-91054
-91051
-91048
-91048
-91048
-91046
-91040
-91034
-91033
-91030
-91026
-91025
-91024
-91023
-91016
-91013
-91012
-91011
-91009
-91001
-90998
-90996
-90996
-90990
-90986
-90986
-90982
-90981
-90978
-90975
-90971
-90970
-90970
-90968
-90961
-90953
-90951
-90950
-90950
-90947
-90946
-90944
-90940
-90940
-90935
-90932
-90928
-90928
-90923
-90916
-90906
-90906
-90903
-90900
-90894
-90891
-90886
-90878
-90865
-90864
-90861
-90860
-90858
-90856
-90856
-90854
-90841
-90838
-90831
-90830
-90823
-90823
-90820
-90820
-90818
-90811
-90811
-90811
-90810
-90804
-90803
-90798
-90795
-90791
-90787
-90786
-90781
-90774
-90769
-90768
-90762
-90759
-90758
-90758
-90758
-90757
-90744
-90743
-90738
-90734
-90733
-90725
-90724
-90723
-90722
-90721
-90720
-90719
-90718
-90718
-90712
-90702
-90699
-90698
-90695
-90688
-90687
-90675
-90674
-90672
-90671
-90668
-90668
-90666
-90666
-90649
-90646
-90640
-90638
-90637
-90637
-90629
-90628
-90625
-90623
-90618
-90615
-90613
-90613
-90613
-90609
-90606
-90605
-90600
-90599
-90594
-90588
-90588
-90583
-90582
-90580
-90578
-90576
-90571
-90570
-90570
-90561
-90559
-90558
-90558
-90556
-90547
-90544
-90541
-90523
-90520
-90518
-90517
-90517
-90516
-90515
-90514
-90514
-90510
-90509
-90505
-90504
-90502
-90495
-90495
-90493
-90488
-90481
-90481
-90472
-90471
-90468
-90462
-90461
-90461
-90459
-90459
-90454
-90452
-90450
-90450
-90446
-90442
-90440
-90431
-90425
-90424
-90423
-90420
-90418
-90415
-90413
-90412
-90405
-90404
-90403
-90400
-90396
-90395
-90391
-90390
-90387
-90386
-90384
-90384
-90383
-90382
-90381
-90370
-90365
-90362
-90360
-90355
-90352
-90345
-90341
-90339
-90333
-90330
-90324
-90322
-90320
-90316
-90316
-90309
-90308
-90308
-90306
-90306
-90300
-90299
-90298
-90294
-90291
-90291
-90285
-90284
-90281
-90277
-90275
-90275
-90274
-90274
-90269
-90268
-90265
-90263
-90255
-90251
-90251
-90245
-90243
-90232
-90229
-90228
-90227
-90221
-90217
-90217
-90212
-90208
-90207
-90206
-90205
-90205
-90197
-90196
-90195
-90186
-90183
-90181
-90178
-90178
-90176
-90166
-90164
-90160
-90154
-90152
-90152
-90147
-90144
-90130
-90127
-90122
-90119
-90113
-90107
-90106
-90104
-90103
-90102
-90096
-90096
-90094
-90090
-90079
-90077
-90061
-90057
-90057
-90056
-90046
-90046
-90044
-90044
-90035
-90034
-90029
-90027
-90025
-90021
-90020
-90014
-90014
-90014
-90013
-90011
-90006
-89999
-89995
-89994
-89992
-89988
-89986
-89980
-89975
-89968
-89964
-89962
-89958
-89956
-89953
-89951
-89947
-89942
-89941
-89937
-89928
-89927
-89926
-89923
-89917
-89912
-89909
-89909
-89900
-89899
-89899
-89898
-89886
-89882
-89880
-89878
-89873
-89870
-89868
-89868
-89868
-89865
-89864
-89861
-89861
-89860
-89854
-89850
-89850
-89850
-89841
-89833
-89832
-89831
-89828
-89827
-89824
-89824
-89823
-89821
-89818
-89807
-89802
-89800
-89797
-89796
-89795
-89791
-89791
-89786
-89772
-89765
-89764
-89763
-89761
-89752
-89748
-89741
-89736
-89727
-89721
-89720
-89717
-89714
-89683
-89682
-89681
-89681
-89679
-89677
-89673
-89666
-89666
-89666
-89665
-89662
-89661
-89659
-89658
-89652
-89651
-89649
-89643
-89637
-89631
-89626
-89619
-89617
-89611
-89608
-89603
-89598
-89593
-89589
-89586
-89586
-89585
-89582
-89566
-89561
-89554
-89550
-89549
-89548
-89547
-89547
-89543
-89536
-89536
-89535
-89535
-89533
-89525
-89524
-89506
-89501
-89491
-89489
-89480
-89476
-89474
-89474
-89472
-89472
-89451
-89450
-89450
-89449
-89446
-89438
-89438
-89435
-89435
-89434
-89430
-89430
-89427
-89407
-89403
-89399
-89398
-89398
-89398
-89397
-89395
-89388
-89382
-89382
-89381
-89380
-89374
-89373
-89372
-89372
-89368
-89357
-89355
-89354
-89353
-89351
-89347
-89344
-89342
-89340
-89334
-89332
-89324
-89314
-89314
-89314
-89312
-89312
-89311
-89308
-89306
-89301
-89296
-89296
-89292
-89289
-89278
-89276
-89273
-89273
-89272
-89272
-89270
-89266
-89265
-89262
-89259
-89255
-89250
-89243
-89243
-89234
-89231
-89230
-89229
-89228
-89228
-89226
-89225
-89217
-89214
-89214
-89212
-89210
-89209
-89209
-89206
-89191
-89185
-89184
-89183
-89183
-89168
-89161
-89157
-89156
-89150
-89142
-89142
-89139
-89137
-89135
-89132
-89129
-89123
-89123
-89120
-89118
-89112
-89106
-89106
-89101
-89099
-89099
-89097
-89096
-89092
-89082
-89074
-89067
-89067
-89059
-89049
-89047
-89041
-89041
-89039
-89038
-89035
-89032
-89030
-89028
-89027
-89025
-89021
-89017
-89011
-89010
-89010
-89006
-89005
-89004
-89001
-89000
-88993
-88990
-88990
-88984
-88982
-88979
-88965
-88965
-88960
-88955
-88951
-88946
-88944
-88940
-88929
-88928
-88927
-88926
-88924
-88923
-88921
-88920
-88919
-88918
-88915
-88915
-88913
-88910
-88909
-88906
-88897
-88890
-88889
-88886
-88884
-88882
-88880
-88875
-88870
-88867
-88859
-88855
-88854
-88851
-88848
-88844
-88842
-88835
-88829
-88828
-88826
-88819
-88810
-88809
-88808
-88808
-88804
-88797
-88790
-88784
-88782
-88782
-88780
-88778
-88777
-88774
-88771
-88771
-88769
-88764
-88756
-88747
-88742
-88737
-88726
-88723
-88722
-88720
-88714
-88713
-88711
-88711
-88710
-88710
-88706
-88705
-88700
-88698
-88683
-88679
-88676
-88675
-88673
-88668
-88668
-88662
-88648
-88648
-88647
-88639
-88636
-88635
-88629
-88628
-88622
-88621
-88619
-88615
-88615
-88603
-88603
-88599
-88596
-88594
-88593
-88592
-88589
-88587
-88585
-88583
-88582
-88575
-88563
-88558
-88555
-88550
-88545
-88544
-88541
-88537
-88527
-88525
-88525
-88523
-88519
-88516
-88516
-88516
-88516
-88512
-88511
-88509
-88503
-88499
-88496
-88496
-88491
-88490
-88489
-88485
-88483
-88481
-88464
-88461
-88458
-88457
-88455
-88454
-88450
-88449
-88449
-88434
-88428
-88416
-88410
-88408
-88408
-88405
-88404
-88402
-88401
-88395
-88393
-88388
-88385
-88383
-88383
-88381
-88377
-88377
-88364
-88361
-88348
-88343
-88339
-88338
-88337
-88332
-88331
-88326
-88324
-88324
-88324
-88322
-88321
-88319
-88314
-88309
-88309
-88302
-88288
-88287
-88287
-88285
-88284
-88282
-88278
-88274
-88270
-88265
-88265
-88263
-88241
-88239
-88237
-88228
-88225
-88224
-88221
-88220
-88210
-88207
-88203
-88198
-88191
-88190
-88189
-88185
-88185
-88179
-88169
-88165
-88165
-88163
-88160
-88159
-88155
-88155
-88154
-88151
-88148
-88148
-88144
-88144
-88142
-88131
-88128
-88128
-88113
-88112
-88107
-88105
-88103
-88101
-88100
-88099
-88093
-88092
-88092
-88090
-88088
-88087
-88086
-88083
-88077
-88070
-88066
-88063
-88061
-88061
-88049
-88049
-88039
-88035
-88025
-88023
-88019
-88015
-88015
-88014
-88013
-88012
-88011
-88007
-88007
-87997
-87997
-87991
-87988
-87984
-87983
-87983
-87980
-87973
-87971
-87963
-87963
-87961
-87959
-87954
-87948
-87944
-87943
-87942
-87939
-87938
-87938
-87934
-87933
-87929
-87925
-87924
-87922
-87913
-87898
-87897
-87891
-87890
-87883
-87880
-87878
-87877
-87874
-87872
-87866
-87865
-87865
-87865
-87863
-87862
-87855
-87854
-87852
-87848
-87846
-87845
-87843
-87842
-87837
-87832
-87831
-87827
-87826
-87822
-87820
-87813
-87808
-87802
-87802
-87801
-87793
-87787
-87785
-87784
-87779
-87777
-87775
-87770
-87770
-87755
-87750
-87748
-87737
-87737
-87736
-87735
-87732
-87730
-87730
-87729
-87728
-87721
-87712
-87712
-87712
-87704
-87695
-87689
-87687
-87682
-87678
-87678
-87672
-87672
-87666
-87665
-87662
-87657
-87657
-87656
-87653
-87652
-87651
-87647
-87645
-87645
-87643
-87643
-87636
-87634
-87630
-87630
-87620
-87610
-87608
-87606
-87579
-87577
-87573
-87573
-87568
-87564
-87559
-87558
-87556
-87553
-87552
-87548
-87545
-87541
-87529
-87529
-87529
-87522
-87521
-87521
-87519
-87517
-87502
-87502
-87500
-87500
-87493
-87492
-87490
-87488
-87488
-87484
-87478
-87477
-87471
-87469
-87465
-87455
-87451
-87448
-87441
-87436
-87423
-87419
-87416
-87410
-87408
-87406
-87396
-87394
-87394
-87392
-87391
-87390
-87389
-87388
-87388
-87377
-87376
-87375
-87372
-87369
-87360
-87358
-87354
-87354
-87353
-87352
-87351
-87342
-87337
-87334
-87333
-87331
-87330
-87329
-87328
-87326
-87322
-87321
-87319
-87311
-87303
-87291
-87289
-87288
-87287
-87286
-87282
-87279
-87277
-87276
-87272
-87267
-87266
-87263
-87261
-87261
-87258
-87251
-87251
-87247
-87244
-87241
-87237
-87237
-87234
-87234
-87233
-87229
-87226
-87223
-87221
-87218
-87212
-87212
-87211
-87208
-87207
-87204
-87199
-87198
-87197
-87193
-87189
-87188
-87185
-87185
-87182
-87177
-87177
-87176
-87174
-87167
-87160
-87160
-87158
-87155
-87153
-87139
-87133
-87128
-87126
-87116
-87116
-87116
-87109
-87094
-87085
-87072
-87071
-87065
-87064
-87063
-87061
-87061
-87055
-87053
-87050
-87046
-87044
-87041
-87031
-87029
-87024
-87024
-87016
-87015
-87010
-87009
-87004
-87002
-87001
-86998
-86997
-86996
-86995
-86988
-86985
-86983
-86978
-86977
-86974
-86969
-86967
-86966
-86960
-86956
-86951
-86950
-86949
-86949
-86945
-86941
-86941
-86936
-86930
-86928
-86925
-86920
-86919
-86918
-86913
-86912
-86912
-86901
-86898
-86890
-86888
-86886
-86884
-86884
-86882
-86881
-86881
-86877
-86871
-86868
-86867
-86850
-86850
-86843
-86841
-86841
-86840
-86836
-86832
-86825
-86824
-86823
-86814
-86811
-86811
-86811
-86811
-86804
-86804
-86802
-86800
-86796
-86791
-86788
-86787
-86782
-86780
-86773
-86770
-86767
-86765
-86764
-86748
-86748
-86743
-86742
-86740
-86735
-86734
-86733
-86732
-86732
-86731
-86728
-86723
-86722
-86720
-86718
-86712
-86711
-86703
-86693
-86689
-86689
-86685
-86676
-86670
-86656
-86656
-86656
-86653
-86649
-86647
-86643
-86642
-86636
-86633
-86632
-86628
-86624
-86624
-86621
-86619
-86613
-86610
-86604
-86603
-86600
-86600
-86600
-86599
-86598
-86595
-86593
-86590
-86589
-86581
-86572
-86572
-86569
-86557
-86556
-86554
-86551
-86550
-86549
-86536
-86535
-86532
-86532
-86532
-86527
-86520
-86520
-86512
-86511
-86503
-86503
-86498
-86496
-86492
-86491
-86488
-86485
-86485
-86479
-86459
-86447
-86443
-86438
-86434
-86432
-86426
-86418
-86411
-86407
-86407
-86403
-86389
-86386
-86383
-86373
-86368
-86367
-86365
-86365
-86364
-86361
-86361
-86361
-86358
-86353
-86351
-86346
-86344
-86344
-86344
-86342
-86339
-86338
-86336
-86334
-86331
-86331
-86330
-86326
-86314
-86292
-86288
-86287
-86283
-86281
-86278
-86277
-86264
-86261
-86259
-86257
-86256
-86247
-86245
-86245
-86244
-86241
-86236
-86233
-86227
-86221
-86220
-86217
-86211
-86205
-86203
-86202
-86196
-86195
-86194
-86193
-86191
-86181
-86174
-86173
-86173
-86172
-86172
-86169
-86163
-86163
-86163
-86162
-86157
-86155
-86154
-86153
-86152
-86151
-86151
-86143
-86136
-86134
-86134
-86131
-86131
-86127
-86126
-86121
-86117
-86111
-86110
-86099
-86097
-86093
-86092
-86082
-86078
-86076
-86075
-86074
-86071
-86065
-86064
-86059
-86057
-86057
-86056
-86053
-86051
-86041
-86039
-86035
-86031
-86024
-86023
-86023
-86014
-86012
-86008
-86006
-86004
-85996
-85995
-85995
-85994
-85993
-85982
-85979
-85977
-85976
-85966
-85960
-85960
-85952
-85952
-85952
-85949
-85947
-85935
-85930
-85930
-85922
-85921
-85919
-85917
-85915
-85914
-85913
-85909
-85907
-85906
-85906
-85904
-85900
-85888
-85883
-85880
-85879
-85876
-85873
-85873
-85865
-85857
-85857
-85856
-85852
-85849
-85849
-85847
-85846
-85843
-85839
-85836
-85833
-85830
-85830
-85828
-85824
-85819
-85819
-85818
-85817
-85814
-85814
-85813
-85811
-85801
-85799
-85794
-85792
-85792
-85785
-85784
-85779
-85772
-85771
-85770
-85763
-85761
-85755
-85752
-85748
-85746
-85745
-85744
-85737
-85734
-85732
-85730
-85729
-85721
-85708
-85707
-85705
-85702
-85701
-85692
-85692
-85691
-85690
-85688
-85687
-85681
-85680
-85679
-85678
-85677
-85674
-85669
-85667
-85660
-85660
-85657
-85655
-85651
-85644
-85642
-85639
-85639
-85638
-85636
-85634
-85634
-85631
-85626
-85614
-85609
-85607
-85607
-85596
-85590
-85586
-85583
-85578
-85568
-85562
-85557
-85553
-85552
-85552
-85550
-85540
-85540
-85538
-85533
-85531
-85529
-85520
-85518
-85517
-85513
-85508
-85508
-85504
-85500
-85497
-85494
-85494
-85493
-85492
-85489
-85488
-85483
-85483
-85480
-85479
-85471
-85471
-85466
-85463
-85457
-85455
-85452
-85451
-85450
-85449
-85443
-85432
-85430
-85429
-85421
-85420
-85419
-85419
-85413
-85411
-85405
-85395
-85395
-85394
-85389
-85387
-85385
-85379
-85377
-85375
-85368
-85359
-85349
-85345
-85332
-85330
-85325
-85319
-85319
-85316
-85315
-85313
-85308
-85304
-85301
-85299
-85299
-85289
-85289
-85288
-85286
-85286
-85272
-85268
-85262
-85259
-85249
-85248
-85241
-85239
-85238
-85236
-85235
-85233
-85230
-85228
-85226
-85225
-85223
-85220
-85217
-85214
-85210
-85208
-85204
-85200
-85193
-85191
-85190
-85188
-85187
-85187
-85186
-85182
-85176
-85175
-85171
-85168
-85168
-85145
-85143
-85143
-85140
-85140
-85134
-85127
-85127
-85126
-85125
-85122
-85121
-85113
-85111
-85111
-85110
-85108
-85103
-85090
-85089
-85083
-85080
-85069
-85064
-85061
-85054
-85053
-85052
-85051
-85041
-85035
-85032
-85030
-85027
-85026
-85021
-85017
-85016
-85008
-85004
-84997
-84997
-84997
-84994
-84990
-84987
-84986
-84986
-84985
-84974
-84972
-84963
-84963
-84957
-84948
-84947
-84946
-84944
-84943
-84942
-84941
-84937
-84930
-84923
-84919
-84916
-84913
-84912
-84910
-84906
-84896
-84888
-84885
-84882
-84876
-84864
-84864
-84856
-84855
-84854
-84853
-84848
-84843
-84842
-84841
-84841
-84840
-84839
-84837
-84815
-84813
-84813
-84800
-84798
-84793
-84791
-84789
-84788
-84783
-84782
-84780
-84780
-84777
-84773
-84773
-84766
-84764
-84762
-84758
-84756
-84756
-84755
-84754
-84753
-84753
-84753
-84750
-84750
-84743
-84743
-84734
-84733
-84731
-84726
-84726
-84710
-84710
-84697
-84696
-84696
-84692
-84685
-84680
-84678
-84675
-84668
-84662
-84659
-84659
-84655
-84655
-84653
-84648
-84639
-84634
-84633
-84630
-84625
-84622
-84619
-84618
-84618
-84611
-84610
-84609
-84609
-84600
-84598
-84595
-84591
-84591
-84584
-84584
-84583
-84577
-84576
-84575
-84575
-84572
-84571
-84565
-84549
-84548
-84546
-84543
-84537
-84533
-84528
-84522
-84517
-84515
-84510
-84508
-84505
-84503
-84498
-84496
-84495
-84494
-84491
-84487
-84483
-84476
-84473
-84469
-84469
-84467
-84467
-84452
-84452
-84449
-84448
-84447
-84443
-84441
-84441
-84439
-84435
-84433
-84431
-84428
-84426
-84419
-84418
-84411
-84410
-84404
-84400
-84399
-84398
-84387
-84387
-84380
-84368
-84368
-84364
-84363
-84357
-84355
-84347
-84338
-84338
-84338
-84330
-84327
-84314
-84308
-84306
-84305
-84300
-84297
-84284
-84279
-84271
-84266
-84265
-84265
-84263
-84262
-84258
-84256
-84256
-84256
-84256
-84250
-84248
-84242
-84241
-84236
-84233
-84229
-84225
-84222
-84222
-84220
-84219
-84218
-84217
-84212
-84202
-84201
-84201
-84190
-84183
-84180
-84175
-84171
-84170
-84163
-84159
-84154
-84148
-84148
-84144
-84143
-84143
-84141
-84128
-84122
-84119
-84117
-84106
-84104
-84104
-84104
-84103
-84103
-84101
-84101
-84090
-84088
-84081
-84080
-84080
-84079
-84076
-84074
-84072
-84069
-84062
-84061
-84061
-84056
-84053
-84049
-84048
-84044
-84038
-84035
-84035
-84030
-84030
-84029
-84028
-84021
-84008
-84006
-84005
-84001
-83995
-83993
-83991
-83990
-83986
-83980
-83979
-83976
-83972
-83971
-83971
-83967
-83966
-83962
-83962
-83959
-83957
-83951
-83948
-83945
-83944
-83939
-83937
-83936
-83935
-83935
-83930
-83929
-83925
-83924
-83922
-83913
-83912
-83911
-83902
-83900
-83899
-83898
-83898
-83895
-83895
-83894
-83893
-83887
-83886
-83885
-83882
-83880
-83877
-83871
-83865
-83862
-83856
-83855
-83854
-83850
-83848
-83848
-83843
-83839
-83832
-83832
-83826
-83825
-83824
-83820
-83816
-83815
-83812
-83811
-83809
-83809
-83808
-83807
-83806
-83789
-83786
-83784
-83781
-83778
-83778
-83778
-83777
-83772
-83771
-83770
-83767
-83767
-83763
-83763
-83763
-83760
-83753
-83751
-83746
-83744
-83743
-83739
-83738
-83738
-83732
-83727
-83727
-83723
-83721
-83721
-83720
-83718
-83716
-83716
-83716
-83709
-83699
-83698
-83693
-83690
-83690
-83685
-83682
-83680
-83680
-83671
-83670
-83657
-83655
-83653
-83652
-83651
-83650
-83645
-83640
-83639
-83627
-83625
-83623
-83620
-83620
-83620
-83619
-83613
-83604
-83588
-83587
-83581
-83578
-83573
-83572
-83567
-83567
-83566
-83566
-83562
-83562
-83554
-83551
-83550
-83549
-83547
-83545
-83542
-83536
-83525
-83522
-83521
-83517
-83516
-83511
-83509
-83504
-83497
-83497
-83488
-83485
-83482
-83481
-83476
-83475
-83474
-83473
-83470
-83470
-83469
-83460
-83457
-83454
-83453
-83447
-83443
-83440
-83440
-83438
-83435
-83430
-83429
-83426
-83418
-83415
-83414
-83413
-83413
-83411
-83408
-83407
-83407
-83404
-83396
-83395
-83388
-83387
-83386
-83382
-83380
-83379
-83377
-83372
-83367
-83361
-83360
-83357
-83354
-83352
-83351
-83343
-83341
-83341
-83340
-83340
-83340
-83336
-83326
-83325
-83322
-83320
-83319
-83316
-83316
-83314
-83306
-83304
-83300
-83293
-83287
-83286
-83282
-83280
-83278
-83276
-83275
-83273
-83272
-83270
-83270
-83264
-83264
-83263
-83258
-83254
-83253
-83252
-83252
-83252
-83249
-83248
-83246
-83243
-83236
-83236
-83231
-83231
-83227
-83218
-83216
-83207
-83203
-83201
-83199
-83198
-83186
-83178
-83177
-83176
-83176
-83172
-83168
-83168
-83163
-83156
-83148
-83147
-83133
-83131
-83123
-83111
-83110
-83110
-83109
-83107
-83107
-83103
-83102
-83096
-83095
-83095
-83094
-83094
-83087
-83078
-83078
-83075
-83071
-83071
-83070
-83067
-83065
-83062
-83060
-83059
-83054
-83054
-83048
-83046
-83044
-83039
-83031
-83031
-83030
-83029
-83028
-83028
-83022
-83021
-83020
-83017
-83013
-83013
-83010
-83009
-83004
-82999
-82997
-82991
-82986
-82983
-82980
-82980
-82974
-82974
-82973
-82973
-82963
-82958
-82943
-82942
-82932
-82931
-82926
-82921
-82920
-82916
-82916
-82909
-82907
-82894
-82887
-82886
-82876
-82876
-82873
-82872
-82872
-82871
-82867
-82865
-82863
-82863
-82862
-82856
-82855
-82855
-82852
-82839
-82830
-82829
-82828
-82822
-82815
-82814
-82807
-82801
-82800
-82800
-82798
-82792
-82792
-82786
-82784
-82782
-82781
-82780
-82777
-82765
-82765
-82759
-82758
-82753
-82752
-82747
-82737
-82733
-82731
-82730
-82725
-82720
-82716
-82715
-82710
-82707
-82705
-82701
-82700
-82697
-82696
-82695
-82695
-82694
-82693
-82687
-82686
-82683
-82682
-82675
-82672
-82667
-82665
-82655
-82654
-82650
-82650
-82645
-82642
-82636
-82636
-82635
-82631
-82626
-82624
-82621
-82615
-82614
-82614
-82613
-82613
-82612
-82611
-82609
-82603
-82602
-82602
-82600
-82585
-82582
-82582
-82581
-82580
-82577
-82575
-82565
-82564
-82564
-82560
-82559
-82559
-82558
-82556
-82556
-82554
-82549
-82549
-82548
-82547
-82542
-82541
-82535
-82531
-82529
-82525
-82517
-82510
-82509
-82508
-82508
-82507
-82505
-82504
-82501
-82495
-82494
-82491
-82490
-82487
-82486
-82481
-82477
-82474
-82472
-82469
-82469
-82468
-82460
-82455
-82452
-82442
-82438
-82434
-82428
-82422
-82422
-82416
-82413
-82412
-82412
-82410
-82408
-82407
-82402
-82393
-82392
-82385
-82384
-82384
-82379
-82377
-82376
-82375
-82373
-82371
-82371
-82371
-82371
-82370
-82370
-82370
-82368
-82367
-82367
-82363
-82359
-82357
-82343
-82342
-82342
-82335
-82329
-82318
-82316
-82315
-82311
-82310
-82306
-82303
-82288
-82282
-82277
-82276
-82274
-82269
-82257
-82240
-82235
-82233
-82229
-82222
-82222
-82221
-82221
-82220
-82213
-82208
-82202
-82202
-82197
-82193
-82193
-82191
-82190
-82189
-82178
-82176
-82175
-82172
-82160
-82159
-82156
-82154
-82153
-82151
-82147
-82146
-82142
-82140
-82133
-82127
-82122
-82121
-82118
-82114
-82106
-82106
-82100
-82098
-82089
-82086
-82080
-82077
-82076
-82076
-82071
-82067
-82065
-82061
-82061
-82059
-82059
-82052
-82051
-82043
-82043
-82042
-82040
-82037
-82033
-82033
-82031
-82030
-82030
-82029
-82027
-82025
-82021
-82010
-82006
-81997
-81997
-81994
-81989
-81986
-81985
-81983
-81983
-81968
-81964
-81963
-81963
-81963
-81962
-81957
-81956
-81955
-81952
-81950
-81937
-81930
-81929
-81928
-81924
-81913
-81905
-81904
-81902
-81901
-81901
-81894
-81893
-81890
-81888
-81888
-81887
-81885
-81874
-81867
-81867
-81866
-81864
-81863
-81852
-81851
-81850
-81845
-81840
-81834
-81833
-81828
-81822
-81817
-81815
-81811
-81805
-81804
-81803
-81802
-81800
-81797
-81795
-81794
-81791
-81790
-81786
-81785
-81781
-81775
-81774
-81767
-81766
-81764
-81759
-81756
-81753
-81746
-81736
-81727
-81722
-81710
-81709
-81706
-81704
-81703
-81700
-81700
-81695
-81687
-81686
-81685
-81684
-81682
-81680
-81678
-81675
-81674
-81672
-81663
-81660
-81651
-81648
-81645
-81645
-81642
-81642
-81641
-81638
-81635
-81629
-81627
-81625
-81623
-81620
-81618
-81614
-81614
-81605
-81600
-81598
-81598
-81592
-81591
-81588
-81586
-81576
-81576
-81572
-81570
-81568
-81567
-81567
-81564
-81562
-81561
-81561
-81560
-81556
-81551
-81551
-81550
-81550
-81547
-81546
-81542
-81541
-81540
-81535
-81529
-81528
-81527
-81526
-81523
-81521
-81515
-81513
-81511
-81509
-81507
-81501
-81500
-81492
-81490
-81488
-81486
-81485
-81482
-81482
-81481
-81477
-81460
-81454
-81444
-81444
-81442
-81439
-81439
-81439
-81436
-81428
-81409
-81402
-81402
-81390
-81377
-81368
-81366
-81365
-81361
-81361
-81357
-81355
-81351
-81350
-81345
-81324
-81322
-81319
-81317
-81316
-81313
-81311
-81305
-81299
-81292
-81286
-81284
-81284
-81282
-81268
-81266
-81266
-81265
-81262
-81262
-81262
-81257
-81256
-81255
-81242
-81239
-81237
-81231
-81220
-81219
-81217
-81215
-81214
-81211
-81207
-81206
-81206
-81198
-81191
-81186
-81185
-81184
-81175
-81169
-81165
-81158
-81155
-81155
-81155
-81155
-81155
-81155
-81151
-81149
-81143
-81138
-81137
-81133
-81127
-81122
-81117
-81116
-81112
-81111
-81107
-81099
-81098
-81097
-81090
-81089
-81084
-81083
-81077
-81073
-81073
-81073
-81065
-81065
-81063
-81059
-81058
-81052
-81048
-81048
-81047
-81044
-81041
-81033
-81032
-81032
-81029
-81026
-81012
-81012
-81011
-81010
-81009
-81007
-81004
-81004
-80995
-80991
-80989
-80984
-80983
-80982
-80981
-80973
-80969
-80969
-80968
-80967
-80966
-80963
-80963
-80958
-80955
-80948
-80946
-80944
-80942
-80940
-80934
-80933
-80932
-80930
-80927
-80924
-80924
-80916
-80908
-80905
-80896
-80895
-80895
-80894
-80892
-80890
-80889
-80888
-80887
-80881
-80880
-80877
-80875
-80874
-80872
-80870
-80868
-80868
-80864
-80850
-80848
-80846
-80845
-80842
-80841
-80839
-80834
-80830
-80830
-80807
-80805
-80804
-80801
-80799
-80784
-80783
-80780
-80779
-80778
-80777
-80773
-80767
-80766
-80764
-80762
-80760
-80759
-80758
-80757
-80757
-80756
-80755
-80755
-80754
-80753
-80751
-80749
-80743
-80742
-80741
-80736
-80734
-80728
-80727
-80722
-80722
-80717
-80717
-80714
-80712
-80694
-80693
-80693
-80687
-80686
-80675
-80675
-80674
-80668
-80655
-80654
-80646
-80645
-80629
-80618
-80613
-80611
-80606
-80604
-80602
-80596
-80594
-80586
-80586
-80586
-80583
-80582
-80580
-80578
-80577
-80577
-80567
-80566
-80560
-80559
-80555
-80553
-80548
-80542
-80537
-80530
-80529
-80526
-80525
-80521
-80520
-80516
-80513
-80511
-80510
-80509
-80500
-80499
-80498
-80497
-80488
-80488
-80484
-80475
-80474
-80467
-80466
-80466
-80461
-80460
-80460
-80454
-80451
-80442
-80432
-80423
-80419
-80417
-80407
-80405
-80404
-80403
-80400
-80399
-80398
-80398
-80386
-80381
-80376
-80375
-80373
-80370
-80368
-80368
-80364
-80356
-80352
-80351
-80348
-80343
-80340
-80339
-80336
-80330
-80324
-80323
-80320
-80318
-80315
-80313
-80310
-80309
-80309
-80305
-80303
-80300
-80299
-80294
-80292
-80289
-80288
-80286
-80285
-80281
-80279
-80278
-80276
-80271
-80270
-80270
-80265
-80259
-80249
-80247
-80241
-80238
-80237
-80234
-80225
-80221
-80217
-80212
-80205
-80205
-80199
-80197
-80196
-80185
-80184
-80172
-80169
-80168
-80167
-80158
-80156
-80155
-80153
-80153
-80151
-80151
-80145
-80144
-80137
-80123
-80121
-80116
-80113
-80111
-80108
-80101
-80101
-80097
-80094
-80092
-80092
-80091
-80089
-80087
-80085
-80084
-80074
-80073
-80072
-80072
-80065
-80061
-80059
-80053
-80048
-80038
-80035
-80029
-80027
-80020
-80019
-80019
-80017
-80016
-80015
-80011
-80011
-80011
-80008
-80002
-80001
-79999
-79993
-79987
-79987
-79987
-79985
-79982
-79976
-79974
-79974
-79970
-79967
-79963
-79962
-79961
-79957
-79956
-79950
-79948
-79944
-79942
-79939
-79937
-79936
-79935
-79935
-79933
-79933
-79927
-79927
-79927
-79926
-79922
-79921
-79918
-79915
-79915
-79910
-79908
-79907
-79904
-79900
-79900
-79893
-79888
-79887
-79887
-79883
-79881
-79876
-79876
-79874
-79869
-79866
-79859
-79859
-79856
-79852
-79850
-79850
-79849
-79848
-79848
-79844
-79841
-79834
-79831
-79829
-79829
-79826
-79822
-79803
-79802
-79801
-79799
-79798
-79797
-79796
-79796
-79796
-79794
-79787
-79785
-79784
-79783
-79783
-79777
-79777
-79771
-79768
-79768
-79767
-79766
-79760
-79760
-79760
-79759
-79747
-79742
-79737
-79735
-79733
-79733
-79731
-79724
-79724
-79701
-79693
-79680
-79680
-79671
-79669
-79668
-79666
-79666
-79664
-79663
-79662
-79661
-79657
-79656
-79640
-79636
-79629
-79627
-79616
-79615
-79612
-79610
-79605
-79598
-79591
-79590
-79587
-79586
-79585
-79580
-79572
-79570
-79566
-79564
-79562
-79559
-79553
-79552
-79546
-79539
-79538
-79527
-79521
-79519
-79519
-79511
-79507
-79498
-79495
-79492
-79490
-79484
-79478
-79476
-79474
-79469
-79467
-79463
-79461
-79460
-79459
-79459
-79458
-79456
-79453
-79452
-79451
-79447
-79446
-79445
-79443
-79431
-79423
-79418
-79415
-79412
-79407
-79406
-79400
-79389
-79386
-79384
-79381
-79378
-79374
-79367
-79366
-79365
-79364
-79360
-79353
-79352
-79343
-79342
-79340
-79332
-79331
-79328
-79324
-79321
-79318
-79311
-79309
-79308
-79305
-79300
-79299
-79298
-79292
-79290
-79289
-79288
-79286
-79284
-79281
-79281
-79280
-79279
-79276
-79269
-79260
-79254
-79254
-79253
-79250
-79248
-79248
-79243
-79240
-79239
-79239
-79229
-79228
-79221
-79215
-79211
-79203
-79202
-79200
-79195
-79192
-79191
-79189
-79188
-79186
-79182
-79180
-79179
-79164
-79163
-79163
-79161
-79160
-79158
-79155
-79153
-79153
-79145
-79143
-79134
-79133
-79120
-79118
-79111
-79107
-79104
-79101
-79100
-79100
-79099
-79098
-79097
-79095
-79091
-79086
-79086
-79077
-79076
-79073
-79069
-79068
-79068
-79066
-79057
-79056
-79050
-79050
-79048
-79042
-79037
-79035
-79035
-79033
-79030
-79019
-79018
-79018
-79013
-79003
-78996
-78995
-78992
-78990
-78988
-78988
-78984
-78983
-78979
-78977
-78971
-78969
-78969
-78967
-78959
-78959
-78955
-78953
-78949
-78949
-78943
-78940
-78938
-78932
-78923
-78921
-78915
-78915
-78915
-78908
-78906
-78903
-78895
-78891
-78886
-78886
-78880
-78876
-78875
-78872
-78872
-78872
-78866
-78860
-78858
-78858
-78858
-78853
-78851
-78848
-78845
-78843
-78840
-78840
-78836
-78834
-78832
-78820
-78819
-78806
-78803
-78796
-78793
-78789
-78786
-78785
-78777
-78774
-78772
-78768
-78756
-78754
-78753
-78751
-78747
-78746
-78744
-78742
-78742
-78729
-78728
-78726
-78723
-78723
-78721
-78721
-78720
-78717
-78715
-78703
-78698
-78697
-78694
-78690
-78689
-78688
-78683
-78678
-78674
-78671
-78669
-78667
-78661
-78658
-78654
-78651
-78651
-78651
-78644
-78643
-78636
-78628
-78623
-78620
-78618
-78618
-78613
-78607
-78607
-78603
-78600
-78600
-78600
-78586
-78586
-78577
-78575
-78575
-78571
-78571
-78565
-78564
-78562
-78557
-78553
-78550
-78546
-78543
-78539
-78537
-78536
-78534
-78534
-78530
-78530
-78526
-78524
-78516
-78513
-78506
-78502
-78501
-78498
-78494
-78493
-78493
-78493
-78488
-78482
-78471
-78468
-78467
-78463
-78459
-78458
-78455
-78453
-78448
-78448
-78446
-78443
-78442
-78441
-78440
-78439
-78437
-78431
-78429
-78417
-78415
-78412
-78403
-78400
-78399
-78396
-78395
-78394
-78388
-78385
-78375
-78375
-78373
-78367
-78366
-78364
-78361
-78357
-78351
-78347
-78343
-78340
-78333
-78331
-78323
-78303
-78299
-78296
-78295
-78292
-78283
-78273
-78266
-78262
-78260
-78259
-78253
-78252
-78252
-78249
-78240
-78234
-78233
-78230
-78229
-78222
-78218
-78217
-78211
-78205
-78198
-78196
-78187
-78186
-78185
-78176
-78172
-78169
-78168
-78160
-78159
-78157
-78156
-78153
-78150
-78147
-78147
-78146
-78140
-78137
-78134
-78133
-78129
-78128
-78126
-78120
-78120
-78120
-78117
-78115
-78109
-78102
-78092
-78092
-78089
-78088
-78081
-78078
-78072
-78067
-78065
-78061
-78056
-78055
-78045
-78038
-78037
-78036
-78036
-78034
-78031
-78029
-78025
-78022
-78022
-78019
-78018
-78018
-78017
-78014
-78009
-78008
-78005
-77990
-77990
-77986
-77983
-77981
-77980
-77977
-77976
-77965
-77961
-77956
-77955
-77954
-77942
-77938
-77937
-77935
-77934
-77930
-77926
-77910
-77907
-77906
-77898
-77898
-77898
-77895
-77895
-77882
-77881
-77881
-77880
-77877
-77873
-77871
-77870
-77868
-77866
-77850
-77848
-77845
-77845
-77843
-77842
-77840
-77838
-77834
-77833
-77831
-77830
-77830
-77828
-77828
-77825
-77819
-77813
-77808
-77806
-77800
-77797
-77789
-77789
-77785
-77783
-77783
-77781
-77781
-77773
-77765
-77760
-77758
-77750
-77749
-77746
-77746
-77741
-77737
-77737
-77731
-77718
-77714
-77711
-77710
-77706
-77703
-77703
-77698
-77697
-77694
-77691
-77689
-77688
-77685
-77684
-77679
-77678
-77677
-77673
-77671
-77669
-77669
-77668
-77664
-77663
-77661
-77660
-77656
-77655
-77653
-77650
-77648
-77647
-77645
-77643
-77641
-77638
-77630
-77629
-77628
-77627
-77614
-77611
-77610
-77605
-77603
-77602
-77602
-77594
-77586
-77584
-77578
-77572
-77568
-77566
-77561
-77559
-77554
-77548
-77547
-77545
-77541
-77535
-77524
-77511
-77505
-77504
-77503
-77501
-77499
-77498
-77497
-77495
-77493
-77489
-77482
-77480
-77478
-77475
-77473
-77470
-77470
-77467
-77463
-77463
-77449
-77448
-77448
-77439
-77437
-77436
-77432
-77429
-77428
-77428
-77427
-77425
-77422
-77419
-77419
-77417
-77405
-77404
-77396
-77392
-77390
-77380
-77379
-77379
-77375
-77367
-77365
-77362
-77358
-77355
-77355
-77350
-77349
-77346
-77346
-77346
-77339
-77331
-77329
-77328
-77325
-77322
-77316
-77314
-77311
-77308
-77308
-77306
-77303
-77303
-77303
-77301
-77295
-77294
-77288
-77285
-77281
-77279
-77277
-77272
-77268
-77266
-77265
-77257
-77256
-77254
-77248
-77242
-77228
-77226
-77226
-77225
-77221
-77221
-77221
-77219
-77217
-77212
-77209
-77208
-77204
-77202
-77200
-77199
-77198
-77194
-77189
-77181
-77180
-77178
-77176
-77174
-77173
-77164
-77162
-77158
-77156
-77156
-77155
-77151
-77144
-77143
-77139
-77139
-77132
-77128
-77124
-77111
-77108
-77107
-77106
-77101
-77099
-77095
-77093
-77091
-77087
-77082
-77073
-77067
-77066
-77064
-77063
-77062
-77059
-77049
-77046
-77037
-77034
-77034
-77033
-77032
-77031
-77031
-77028
-77027
-77021
-77018
-77017
-77017
-77014
-77014
-77012
-77011
-77010
-77010
-77008
-77007
-77001
-77001
-77000
-76984
-76982
-76981
-76981
-76971
-76970
-76970
-76970
-76970
-76968
-76966
-76966
-76958
-76952
-76952
-76949
-76949
-76946
-76938
-76935
-76927
-76925
-76923
-76921
-76917
-76914
-76913
-76909
-76908
-76908
-76906
-76903
-76895
-76895
-76891
-76890
-76888
-76887
-76882
-76878
-76867
-76865
-76864
-76858
-76854
-76853
-76849
-76848
-76843
-76841
-76840
-76836
-76834
-76831
-76827
-76826
-76822
-76819
-76816
-76811
-76808
-76808
-76800
-76799
-76798
-76798
-76793
-76793
-76792
-76792
-76791
-76780
-76780
-76779
-76778
-76777
-76772
-76769
-76768
-76767
-76767
-76766
-76763
-76757
-76757
-76756
-76754
-76751
-76738
-76738
-76736
-76734
-76729
-76723
-76721
-76720
-76716
-76715
-76715
-76710
-76709
-76687
-76678
-76677
-76670
-76670
-76665
-76659
-76654
-76646
-76642
-76642
-76637
-76637
-76633
-76630
-76629
-76621
-76620
-76620
-76615
-76614
-76611
-76610
-76609
-76607
-76602
-76600
-76595
-76589
-76585
-76582
-76579
-76577
-76575
-76570
-76570
-76565
-76564
-76563
-76558
-76557
-76557
-76546
-76541
-76536
-76536
-76535
-76535
-76532
-76528
-76527
-76524
-76519
-76518
-76515
-76509
-76499
-76489
-76488
-76487
-76487
-76487
-76486
-76485
-76477
-76475
-76472
-76464
-76464
-76462
-76460
-76450
-76440
-76438
-76434
-76434
-76429
-76421
-76418
-76414
-76403
-76399
-76394
-76393
-76387
-76382
-76381
-76381
-76378
-76377
-76366
-76365
-76363
-76358
-76347
-76346
-76345
-76343
-76338
-76336
-76323
-76322
-76318
-76318
-76314
-76311
-76310
-76310
-76310
-76309
-76309
-76308
-76305
-76304
-76301
-76293
-76289
-76286
-76275
-76274
-76270
-76269
-76269
-76262
-76260
-76259
-76258
-76249
-76249
-76243
-76242
-76240
-76230
-76229
-76228
-76220
-76219
-76216
-76214
-76212
-76208
-76206
-76204
-76201
-76194
-76193
-76183
-76181
-76170
-76165
-76159
-76158
-76157
-76154
-76154
-76153
-76150
-76149
-76130
-76125
-76101
-76100
-76100
-76099
-76098
-76093
-76090
-76087
-76085
-76080
-76079
-76073
-76068
-76060
-76060
-76059
-76053
-76041
-76037
-76036
-76032
-76026
-76023
-76021
-76018
-75986
-75983
-75981
-75979
-75978
-75978
-75976
-75973
-75962
-75962
-75956
-75953
-75952
-75951
-75945
-75941
-75932
-75928
-75927
-75925
-75922
-75918
-75914
-75910
-75910
-75895
-75887
-75887
-75879
-75877
-75873
-75873
-75873
-75871
-75868
-75868
-75863
-75853
-75848
-75846
-75845
-75841
-75838
-75837
-75829
-75826
-75822
-75821
-75818
-75813
-75810
-75805
-75804
-75799
-75798
-75796
-75792
-75786
-75785
-75783
-75775
-75775
-75774
-75773
-75771
-75769
-75764
-75758
-75758
-75757
-75757
-75757
-75755
-75743
-75741
-75741
-75739
-75732
-75730
-75729
-75727
-75726
-75720
-75720
-75716
-75714
-75714
-75712
-75712
-75703
-75700
-75699
-75698
-75689
-75680
-75678
-75673
-75667
-75665
-75665
-75663
-75660
-75657
-75654
-75649
-75649
-75647
-75644
-75639
-75635
-75631
-75628
-75624
-75624
-75622
-75621
-75621
-75617
-75615
-75605
-75602
-75599
-75597
-75597
-75595
-75593
-75583
-75582
-75579
-75579
-75578
-75573
-75568
-75568
-75564
-75564
-75560
-75558
-75555
-75550
-75546
-75545
-75545
-75543
-75539
-75539
-75538
-75533
-75530
-75527
-75527
-75519
-75515
-75514
-75514
-75511
-75510
-75504
-75502
-75501
-75496
-75490
-75487
-75485
-75483
-75483
-75481
-75480
-75478
-75473
-75469
-75468
-75462
-75458
-75457
-75457
-75457
-75449
-75444
-75442
-75435
-75428
-75427
-75426
-75415
-75413
-75411
-75411
-75411
-75410
-75408
-75398
-75397
-75394
-75390
-75385
-75382
-75371
-75371
-75370
-75369
-75369
-75366
-75364
-75362
-75362
-75360
-75359
-75346
-75344
-75344
-75341
-75339
-75337
-75335
-75335
-75335
-75328
-75328
-75325
-75320
-75318
-75317
-75315
-75302
-75299
-75296
-75292
-75289
-75287
-75285
-75285
-75281
-75280
-75278
-75274
-75273
-75272
-75271
-75267
-75265
-75263
-75263
-75262
-75255
-75254
-75254
-75241
-75240
-75238
-75236
-75226
-75216
-75211
-75208
-75208
-75198
-75196
-75193
-75191
-75187
-75186
-75183
-75179
-75179
-75175
-75169
-75167
-75165
-75161
-75160
-75158
-75157
-75152
-75150
-75143
-75137
-75133
-75130
-75130
-75128
-75121
-75118
-75118
-75102
-75100
-75099
-75099
-75097
-75091
-75091
-75088
-75086
-75082
-75081
-75081
-75080
-75079
-75074
-75072
-75072
-75071
-75068
-75064
-75058
-75054
-75051
-75046
-75041
-75029
-75029
-75026
-75024
-75023
-75023
-75016
-75012
-75010
-75010
-75006
-75002
-75001
-75000
-74999
-74986
-74986
-74980
-74976
-74972
-74971
-74968
-74967
-74966
-74965
-74945
-74944
-74944
-74944
-74929
-74923
-74919
-74910
-74908
-74907
-74886
-74884
-74877
-74875
-74871
-74869
-74865
-74861
-74860
-74856
-74850
-74849
-74848
-74847
-74833
-74832
-74831
-74830
-74829
-74828
-74824
-74820
-74814
-74813
-74813
-74813
-74811
-74811
-74810
-74810
-74805
-74803
-74801
-74799
-74798
-74796
-74789
-74785
-74781
-74775
-74769
-74766
-74763
-74761
-74760
-74756
-74754
-74741
-74740
-74740
-74736
-74735
-74731
-74730
-74726
-74726
-74724
-74724
-74723
-74723
-74714
-74713
-74708
-74704
-74703
-74696
-74694
-74686
-74684
-74681
-74677
-74674
-74661
-74658
-74657
-74656
-74655
-74654
-74654
-74651
-74650
-74649
-74641
-74640
-74634
-74633
-74633
-74631
-74631
-74630
-74626
-74621
-74621
-74621
-74620
-74619
-74614
-74611
-74610
-74603
-74594
-74591
-74587
-74583
-74575
-74570
-74566
-74566
-74565
-74563
-74561
-74560
-74556
-74554
-74551
-74544
-74543
-74543
-74540
-74536
-74532
-74526
-74523
-74519
-74516
-74509
-74503
-74501
-74501
-74497
-74496
-74495
-74488
-74483
-74476
-74475
-74474
-74474
-74472
-74469
-74466
-74465
-74462
-74459
-74456
-74454
-74451
-74449
-74445
-74445
-74442
-74435
-74434
-74430
-74428
-74421
-74420
-74419
-74408
-74401
-74399
-74399
-74395
-74393
-74392
-74392
-74391
-74391
-74386
-74380
-74377
-74370
-74367
-74365
-74365
-74364
-74362
-74362
-74362
-74359
-74354
-74353
-74348
-74348
-74335
-74335
-74326
-74326
-74324
-74318
-74318
-74312
-74309
-74308
-74299
-74296
-74292
-74291
-74289
-74282
-74278
-74277
-74276
-74258
-74257
-74256
-74253
-74253
-74250
-74243
-74239
-74239
-74233
-74230
-74228
-74224
-74221
-74220
-74220
-74219
-74219
-74219
-74218
-74217
-74211
-74207
-74205
-74203
-74197
-74195
-74195
-74190
-74190
-74188
-74186
-74185
-74183
-74182
-74182
-74181
-74180
-74173
-74172
-74164
-74164
-74164
-74163
-74159
-74157
-74155
-74155
-74154
-74154
-74151
-74150
-74149
-74147
-74145
-74143
-74139
-74133
-74130
-74123
-74113
-74103
-74096
-74095
-74093
-74090
-74086
-74085
-74085
-74083
-74082
-74075
-74070
-74070
-74057
-74054
-74052
-74051
-74050
-74044
-74044
-74044
-74037
-74030
-74028
-74026
-74021
-74020
-74018
-74018
-74013
-74013
-74011
-74011
-74010
-74004
-74004
-73995
-73994
-73991
-73990
-73989
-73987
-73985
-73977
-73972
-73972
-73971
-73967
-73962
-73960
-73960
-73958
-73954
-73950
-73950
-73949
-73949
-73947
-73938
-73934
-73931
-73928
-73927
-73925
-73924
-73924
-73923
-73919
-73916
-73909
-73906
-73904
-73903
-73901
-73890
-73881
-73862
-73856
-73856
-73856
-73852
-73851
-73848
-73848
-73847
-73846
-73842
-73841
-73837
-73834
-73830
-73827
-73825
-73819
-73814
-73812
-73807
-73806
-73801
-73800
-73796
-73792
-73784
-73781
-73781
-73778
-73768
-73761
-73760
-73754
-73752
-73752
-73742
-73737
-73737
-73734
-73732
-73731
-73730
-73729
-73720
-73708
-73703
-73700
-73700
-73700
-73698
-73697
-73693
-73688
-73688
-73663
-73663
-73659
-73658
-73656
-73655
-73653
-73652
-73651
-73649
-73648
-73648
-73647
-73644
-73642
-73641
-73640
-73634
-73629
-73620
-73619
-73619
-73616
-73614
-73614
-73606
-73604
-73601
-73599
-73599
-73597
-73595
-73594
-73590
-73588
-73581
-73580
-73571
-73567
-73556
-73549
-73549
-73547
-73540
-73530
-73529
-73527
-73515
-73514
-73512
-73507
-73503
-73502
-73500
-73492
-73489
-73483
-73475
-73472
-73470
-73468
-73466
-73463
-73447
-73445
-73437
-73435
-73431
-73430
-73428
-73426
-73425
-73424
-73422
-73411
-73403
-73401
-73399
-73395
-73392
-73389
-73382
-73381
-73380
-73379
-73375
-73372
-73371
-73370
-73362
-73360
-73357
-73353
-73352
-73351
-73344
-73342
-73340
-73339
-73337
-73335
-73334
-73333
-73328
-73316
-73312
-73307
-73299
-73298
-73296
-73296
-73291
-73287
-73287
-73286
-73285
-73281
-73279
-73277
-73276
-73269
-73267
-73263
-73262
-73256
-73253
-73252
-73252
-73248
-73248
-73247
-73245
-73245
-73243
-73237
-73236
-73233
-73227
-73225
-73220
-73218
-73217
-73212
-73210
-73200
-73198
-73191
-73181
-73172
-73164
-73162
-73156
-73155
-73155
-73154
-73151
-73151
-73151
-73147
-73145
-73144
-73143
-73142
-73134
-73134
-73132
-73129
-73126
-73123
-73119
-73119
-73117
-73116
-73116
-73115
-73113
-73113
-73112
-73110
-73098
-73094
-73086
-73086
-73082
-73082
-73078
-73077
-73076
-73076
-73073
-73070
-73068
-73067
-73067
-73067
-73063
-73060
-73058
-73052
-73040
-73040
-73037
-73028
-73018
-73011
-73009
-73006
-73001
-73000
-72999
-72994
-72993
-72984
-72980
-72977
-72974
-72968
-72963
-72963
-72960
-72957
-72955
-72955
-72954
-72952
-72949
-72945
-72945
-72945
-72941
-72939
-72936
-72934
-72932
-72931
-72929
-72921
-72919
-72919
-72918
-72907
-72907
-72904
-72903
-72901
-72900
-72892
-72890
-72881
-72881
-72880
-72879
-72879
-72879
-72868
-72868
-72865
-72862
-72860
-72858
-72856
-72852
-72848
-72845
-72844
-72842
-72840
-72838
-72837
-72835
-72834
-72834
-72828
-72819
-72817
-72814
-72812
-72810
-72809
-72805
-72800
-72798
-72782
-72780
-72776
-72774
-72771
-72767
-72765
-72763
-72761
-72749
-72749
-72749
-72748
-72745
-72745
-72744
-72740
-72735
-72732
-72732
-72728
-72724
-72720
-72719
-72719
-72716
-72710
-72710
-72708
-72705
-72705
-72700
-72696
-72695
-72688
-72686
-72686
-72685
-72684
-72682
-72676
-72675
-72671
-72670
-72669
-72669
-72663
-72659
-72657
-72655
-72654
-72650
-72648
-72645
-72645
-72643
-72632
-72632
-72629
-72629
-72628
-72627
-72622
-72615
-72614
-72604
-72599
-72595
-72589
-72586
-72583
-72577
-72571
-72569
-72567
-72566
-72566
-72562
-72560
-72555
-72552
-72550
-72549
-72546
-72540
-72539
-72539
-72533
-72529
-72525
-72520
-72515
-72512
-72511
-72508
-72487
-72484
-72482
-72481
-72480
-72478
-72475
-72461
-72460
-72460
-72459
-72457
-72457
-72456
-72451
-72451
-72451
-72447
-72446
-72445
-72441
-72438
-72431
-72426
-72424
-72422
-72418
-72417
-72412
-72411
-72411
-72411
-72410
-72409
-72404
-72403
-72401
-72398
-72393
-72393
-72390
-72389
-72388
-72381
-72375
-72374
-72371
-72371
-72370
-72369
-72369
-72365
-72364
-72357
-72356
-72356
-72355
-72352
-72345
-72339
-72338
-72336
-72330
-72329
-72327
-72327
-72325
-72324
-72323
-72322
-72321
-72318
-72317
-72316
-72314
-72314
-72313
-72312
-72310
-72299
-72297
-72294
-72291
-72283
-72282
-72277
-72276
-72273
-72271
-72268
-72267
-72258
-72256
-72255
-72253
-72251
-72250
-72245
-72245
-72244
-72238
-72233
-72231
-72228
-72225
-72224
-72222
-72216
-72215
-72210
-72206
-72206
-72205
-72200
-72193
-72185
-72176
-72175
-72171
-72170
-72169
-72165
-72161
-72158
-72154
-72143
-72142
-72142
-72141
-72141
-72139
-72135
-72119
-72116
-72116
-72114
-72114
-72112
-72108
-72106
-72106
-72105
-72105
-72103
-72100
-72097
-72089
-72086
-72084
-72083
-72077
-72075
-72073
-72071
-72070
-72063
-72053
-72052
-72049
-72049
-72045
-72043
-72041
-72041
-72036
-72033
-72032
-72027
-72023
-72013
-72011
-72007
-72006
-72005
-71998
-71996
-71993
-71992
-71989
-71982
-71980
-71976
-71976
-71969
-71969
-71969
-71968
-71960
-71959
-71959
-71950
-71949
-71942
-71938
-71936
-71935
-71930
-71923
-71917
-71914
-71905
-71900
-71899
-71895
-71893
-71882
-71878
-71877
-71877
-71875
-71873
-71872
-71869
-71865
-71865
-71863
-71861
-71861
-71856
-71854
-71843
-71837
-71823
-71821
-71807
-71806
-71805
-71798
-71792
-71783
-71783
-71779
-71771
-71764
-71762
-71756
-71752
-71747
-71747
-71745
-71745
-71732
-71732
-71729
-71728
-71728
-71724
-71719
-71718
-71712
-71709
-71706
-71704
-71703
-71698
-71687
-71684
-71677
-71674
-71672
-71670
-71662
-71662
-71662
-71658
-71657
-71655
-71646
-71639
-71637
-71635
-71633
-71630
-71621
-71619
-71615
-71614
-71611
-71607
-71606
-71605
-71598
-71593
-71589
-71586
-71580
-71579
-71576
-71575
-71569
-71566
-71563
-71562
-71560
-71558
-71555
-71553
-71551
-71550
-71550
-71548
-71545
-71545
-71539
-71538
-71532
-71526
-71523
-71519
-71517
-71517
-71512
-71511
-71509
-71508
-71507
-71507
-71505
-71501
-71495
-71479
-71478
-71474
-71474
-71470
-71466
-71466
-71446
-71446
-71445
-71444
-71431
-71428
-71428
-71427
-71423
-71419
-71415
-71413
-71407
-71404
-71398
-71396
-71394
-71394
-71389
-71385
-71385
-71381
-71379
-71378
-71377
-71365
-71360
-71358
-71358
-71358
-71353
-71340
-71319
-71318
-71314
-71309
-71307
-71300
-71297
-71296
-71292
-71290
-71289
-71289
-71287
-71284
-71284
-71282
-71273
-71272
-71271
-71271
-71270
-71264
-71261
-71255
-71250
-71250
-71249
-71247
-71244
-71243
-71243
-71242
-71239
-71232
-71223
-71210
-71208
-71200
-71198
-71198
-71192
-71190
-71190
-71184
-71181
-71181
-71180
-71177
-71172
-71167
-71165
-71164
-71158
-71156
-71152
-71148
-71148
-71146
-71143
-71139
-71137
-71130
-71126
-71125
-71123
-71122
-71121
-71117
-71115
-71114
-71114
-71113
-71111
-71106
-71102
-71101
-71100
-71099
-71098
-71095
-71091
-71086
-71084
-71075
-71072
-71069
-71069
-71067
-71065
-71062
-71060
-71051
-71048
-71048
-71044
-71044
-71043
-71042
-71042
-71042
-71038
-71038
-71034
-71026
-71024
-71023
-71020
-71019
-71017
-71015
-71008
-71007
-71005
-71003
-71003
-71001
-71001
-70992
-70992
-70987
-70985
-70983
-70983
-70970
-70970
-70958
-70956
-70953
-70946
-70943
-70942
-70936
-70933
-70933
-70932
-70932
-70932
-70928
-70925
-70925
-70924
-70922
-70921
-70917
-70916
-70916
-70913
-70913
-70911
-70910
-70906
-70897
-70883
-70880
-70874
-70871
-70868
-70863
-70862
-70862
-70858
-70858
-70857
-70850
-70845
-70844
-70844
-70844
-70843
-70840
-70840
-70840
-70837
-70833
-70830
-70826
-70825
-70823
-70822
-70819
-70814
-70813
-70811
-70807
-70805
-70802
-70800
-70798
-70795
-70794
-70791
-70789
-70789
-70788
-70781
-70775
-70770
-70764
-70759
-70758
-70757
-70754
-70746
-70744
-70744
-70741
-70733
-70733
-70732
-70726
-70725
-70723
-70722
-70719
-70717
-70715
-70713
-70708
-70706
-70703
-70702
-70698
-70689
-70686
-70685
-70684
-70682
-70681
-70680
-70672
-70670
-70670
-70670
-70666
-70663
-70658
-70650
-70649
-70647
-70644
-70641
-70639
-70639
-70636
-70632
-70627
-70622
-70618
-70603
-70601
-70599
-70596
-70596
-70595
-70585
-70583
-70578
-70577
-70577
-70575
-70570
-70563
-70563
-70561
-70547
-70542
-70540
-70540
-70536
-70532
-70530
-70529
-70527
-70524
-70516
-70513
-70512
-70507
-70502
-70502
-70501
-70497
-70494
-70479
-70479
-70475
-70471
-70469
-70464
-70461
-70454
-70454
-70454
-70453
-70451
-70451
-70451
-70450
-70446
-70443
-70440
-70439
-70436
-70428
-70425
-70422
-70420
-70418
-70417
-70416
-70415
-70414
-70414
-70408
-70403
-70401
-70393
-70393
-70393
-70389
-70388
-70385
-70384
-70384
-70381
-70381
-70378
-70376
-70373
-70372
-70368
-70359
-70356
-70348
-70340
-70339
-70334
-70333
-70320
-70318
-70310
-70310
-70304
-70303
-70300
-70291
-70291
-70283
-70280
-70277
-70274
-70273
-70267
-70266
-70263
-70260
-70258
-70257
-70253
-70250
-70246
-70244
-70241
-70238
-70238
-70236
-70235
-70234
-70234
-70230
-70230
-70227
-70223
-70220
-70197
-70191
-70187
-70187
-70186
-70185
-70177
-70168
-70168
-70167
-70160
-70159
-70159
-70157
-70155
-70150
-70141
-70134
-70129
-70123
-70122
-70121
-70116
-70112
-70110
-70095
-70094
-70093
-70092
-70088
-70086
-70083
-70080
-70080
-70075
-70069
-70064
-70060
-70054
-70050
-70049
-70044
-70042
-70038
-70031
-70027
-70019
-70019
-70017
-70016
-70015
-70011
-70010
-70008
-70005
-70004
-70000
-69998
-69991
-69987
-69984
-69982
-69977
-69975
-69974
-69970
-69970
-69966
-69964
-69960
-69958
-69955
-69948
-69940
-69940
-69933
-69933
-69930
-69925
-69921
-69916
-69916
-69915
-69910
-69906
-69900
-69895
-69893
-69889
-69885
-69883
-69878
-69877
-69875
-69874
-69874
-69873
-69870
-69860
-69858
-69855
-69847
-69847
-69844
-69842
-69841
-69841
-69840
-69839
-69838
-69837
-69834
-69829
-69827
-69827
-69826
-69822
-69822
-69820
-69820
-69818
-69818
-69813
-69811
-69808
-69802
-69793
-69781
-69775
-69774
-69772
-69754
-69747
-69747
-69741
-69732
-69731
-69731
-69728
-69722
-69720
-69718
-69718
-69717
-69716
-69715
-69703
-69703
-69701
-69697
-69692
-69679
-69677
-69676
-69675
-69669
-69665
-69663
-69662
-69658
-69657
-69654
-69651
-69645
-69644
-69637
-69636
-69633
-69623
-69620
-69620
-69618
-69615
-69610
-69605
-69605
-69605
-69603
-69601
-69597
-69593
-69592
-69590
-69589
-69582
-69566
-69565
-69560
-69560
-69557
-69556
-69548
-69545
-69544
-69538
-69538
-69527
-69526
-69522
-69516
-69511
-69508
-69507
-69502
-69501
-69494
-69492
-69487
-69473
-69466
-69465
-69460
-69458
-69453
-69450
-69446
-69446
-69446
-69446
-69445
-69444
-69442
-69437
-69435
-69431
-69430
-69428
-69427
-69426
-69425
-69424
-69422
-69421
-69415
-69406
-69400
-69399
-69399
-69397
-69395
-69393
-69391
-69389
-69389
-69388
-69387
-69373
-69372
-69371
-69369
-69351
-69349
-69347
-69347
-69345
-69335
-69333
-69332
-69327
-69324
-69320
-69316
-69316
-69309
-69306
-69303
-69302
-69297
-69292
-69282
-69281
-69270
-69269
-69267
-69265
-69260
-69258
-69258
-69258
-69258
-69251
-69243
-69242
-69240
-69239
-69238
-69237
-69235
-69232
-69229
-69229
-69220
-69208
-69207
-69203
-69199
-69199
-69197
-69197
-69187
-69186
-69174
-69173
-69172
-69168
-69164
-69163
-69152
-69150
-69139
-69137
-69135
-69135
-69131
-69129
-69126
-69120
-69119
-69114
-69114
-69106
-69105
-69099
-69098
-69097
-69090
-69085
-69081
-69079
-69077
-69076
-69076
-69073
-69072
-69069
-69066
-69065
-69062
-69060
-69057
-69052
-69048
-69047
-69044
-69040
-69038
-69020
-69012
-69010
-69009
-69008
-69005
-69005
-69005
-69005
-69004
-68993
-68991
-68972
-68972
-68952
-68950
-68947
-68945
-68943
-68942
-68942
-68937
-68935
-68931
-68928
-68925
-68917
-68916
-68915
-68911
-68903
-68899
-68896
-68894
-68892
-68891
-68889
-68883
-68874
-68871
-68869
-68868
-68867
-68867
-68866
-68864
-68863
-68862
-68862
-68858
-68854
-68852
-68847
-68847
-68840
-68839
-68836
-68834
-68831
-68828
-68823
-68821
-68820
-68816
-68816
-68814
-68812
-68807
-68806
-68805
-68804
-68803
-68801
-68798
-68796
-68788
-68787
-68786
-68778
-68776
-68775
-68765
-68761
-68760
-68760
-68760
-68759
-68751
-68748
-68745
-68745
-68744
-68744
-68743
-68743
-68735
-68732
-68730
-68730
-68730
-68723
-68719
-68716
-68713
-68709
-68704
-68702
-68700
-68697
-68694
-68691
-68689
-68684
-68684
-68682
-68680
-68678
-68671
-68666
-68662
-68652
-68651
-68644
-68639
-68637
-68623
-68620
-68617
-68614
-68607
-68607
-68603
-68603
-68599
-68597
-68596
-68592
-68587
-68587
-68584
-68584
-68578
-68577
-68571
-68568
-68568
-68566
-68563
-68555
-68553
-68545
-68540
-68537
-68534
-68533
-68529
-68529
-68528
-68527
-68525
-68524
-68522
-68520
-68513
-68512
-68512
-68511
-68506
-68504
-68503
-68502
-68499
-68499
-68493
-68492
-68489
-68481
-68477
-68477
-68467
-68465
-68460
-68460
-68457
-68456
-68456
-68454
-68444
-68440
-68437
-68432
-68428
-68425
-68417
-68411
-68409
-68406
-68406
-68393
-68392
-68391
-68386
-68378
-68376
-68371
-68368
-68367
-68363
-68362
-68359
-68354
-68354
-68348
-68346
-68341
-68334
-68333
-68328
-68325
-68314
-68312
-68310
-68306
-68296
-68293
-68290
-68286
-68285
-68279
-68275
-68270
-68268
-68259
-68258
-68256
-68255
-68249
-68241
-68241
-68237
-68237
-68237
-68224
-68220
-68216
-68214
-68212
-68211
-68210
-68208
-68208
-68206
-68203
-68201
-68201
-68198
-68197
-68194
-68179
-68178
-68170
-68170
-68162
-68156
-68146
-68145
-68144
-68142
-68141
-68141
-68138
-68136
-68129
-68128
-68128
-68120
-68114
-68112
-68112
-68111
-68111
-68111
-68111
-68110
-68110
-68104
-68102
-68101
-68101
-68100
-68096
-68096
-68094
-68092
-68089
-68089
-68088
-68087
-68086
-68086
-68084
-68082
-68076
-68075
-68073
-68069
-68069
-68067
-68067
-68067
-68064
-68061
-68060
-68060
-68059
-68058
-68055
-68046
-68044
-68043
-68041
-68038
-68030
-68030
-68028
-68027
-68027
-68022
-68019
-68019
-68015
-68010
-68007
-68005
-68005
-68004
-68002
-67999
-67996
-67993
-67993
-67992
-67992
-67991
-67981
-67981
-67974
-67972
-67970
-67970
-67965
-67959
-67955
-67950
-67941
-67939
-67938
-67936
-67936
-67929
-67928
-67919
-67916
-67914
-67914
-67912
-67906
-67905
-67893
-67889
-67886
-67885
-67883
-67883
-67874
-67862
-67859
-67858
-67858
-67858
-67853
-67849
-67848
-67845
-67844
-67840
-67832
-67830
-67823
-67820
-67819
-67818
-67816
-67814
-67809
-67809
-67808
-67808
-67807
-67806
-67805
-67805
-67803
-67794
-67765
-67761
-67761
-67758
-67752
-67751
-67750
-67749
-67748
-67741
-67734
-67727
-67726
-67726
-67722
-67720
-67710
-67710
-67709
-67707
-67706
-67699
-67696
-67687
-67684
-67679
-67679
-67677
-67677
-67675
-67672
-67664
-67660
-67658
-67657
-67657
-67650
-67648
-67647
-67646
-67645
-67645
-67643
-67628
-67628
-67627
-67624
-67620
-67618
-67612
-67612
-67609
-67602
-67599
-67594
-67592
-67589
-67587
-67578
-67570
-67569
-67566
-67565
-67560
-67559
-67558
-67549
-67534
-67534
-67531
-67529
-67526
-67521
-67511
-67505
-67504
-67503
-67495
-67492
-67484
-67483
-67480
-67475
-67474
-67468
-67468
-67466
-67458
-67457
-67452
-67451
-67443
-67436
-67436
-67433
-67425
-67422
-67420
-67419
-67417
-67411
-67409
-67403
-67396
-67394
-67393
-67389
-67382
-67380
-67378
-67373
-67372
-67371
-67368
-67366
-67363
-67363
-67361
-67359
-67354
-67344
-67340
-67336
-67328
-67327
-67327
-67319
-67312
-67309
-67306
-67304
-67298
-67297
-67280
-67279
-67273
-67272
-67269
-67263
-67259
-67256
-67244
-67241
-67240
-67237
