-99450
-98388
-98171
-96677
-96467
-96394
-95790
-95694
-95516
-95413
-95393
-95352
-94610
-94381
-94127
-94089
-93983
-93645
-93504
-93407
-93376
-92589
-91747
-91585
-91123
-91055
-90502
-90325
-90314
-90026
-89988
-89261
-89258
-89100
-88927
-88838
-88163
-88161
-87655
-87653
-87364
-87302
-87227
-87108
-86009
-85745
-85644
-85587
-85178
-84549
-84546
-84284
-84071
-83663
-83644
-83515
-82024
-81195
-80382
-79937
-79902
-79593
-79562
-79362
-78975
-78946
-78552
-78143
-77480
-77029
-76446
-76292
-75698
-74938
-74924
-74472
-74397
-74077
-73895
-73251
-72779
-72483
-72438
-72301
-72216
-71923
-71507
-71190
-70861
-70540
-69983
-69201
-69124
-68921
-68839
-68332
-67731
-67619
-67618
-67348
