-99997
-99926
-99916
-99902
-99895
-99889
-99788
-99782
-99741
-99724
-99722
-99712
-99700
-99678
-99605
-99583
-99568
-99567
-99491
-99473
-99460
-99420
-99416
-99391
-99346
-99324
-99277
-99267
-99232
-99221
-99169
-99139
-99116
-99114
-99057
-99049
-99002
-98988
-98968
-98944
-98938
-98932
-98906
-98855
-98802
-98708
-98675
-98641
-98560
-98558
-98555
-98554
-98545
-98517
-98484
-98368
-98287
-98278
-98255
-98191
-98152
-98137
-98115
-98044
-98036
-97997
-97984
-97946
-97940
-97901
-97772
-97740
-97712
-97568
-97521
-97481
-97469
-97453
-97448
-97429
-97383
-97372
-97344
-97334
-97308
-97258
-97256
-97210
-97203
-97189
-97140
-97094
-97040
-97015
-96934
-96868
-96863
-96828
-96642
-96600
-96579
-96556
-96529
-96512
-96273
-96260
-96260
-96211
-96166
-96164
-96156
-96131
-96103
-96016
-95965
-95946
-95725
-95702
-95674
-95667
-95658
-95548
-95511
-95406
-95399
-95393
-95356
-95339
-95319
-95307
-95264
-95224
-95217
-95121
-95114
-95104
-95102
-95070
-95046
-95035
-94985
-94982
-94947
-94939
-94929
-94909
-94901
-94827
-94799
-94717
-94668
-94588
-94553
-94539
-94537
-94499
-94496
-94482
-94469
-94424
-94412
-94380
-94378
-94360
-94341
-94269
-94227
-94127
-94125
-94101
-94078
-94077
-94062
-93991
-93984
-93973
-93955
-93954
-93920
-93806
-93775
-93742
-93728
-93693
-93624
-93599
-93597
-93506
-93501
-93477
-93439
-93318
-93268
-93264
-93194
-93147
-93143
-93121
-93110
-93082
-93066
-93015
-92957
-92940
-92924
-92892
-92857
-92838
-92786
-92763
-92757
-92635
-92632
-92627
-92621
-92578
-92529
-92527
-92509
-92492
-92437
-92427
-92362
-92344
-92342
-92257
-92157
-92120
-92062
-92003
-91980
-91953
-91943
-91942
-91923
-91917
-91837
-91778
-91616
-91582
-91549
-91543
-91540
-91539
-91528
-91490
-91474
-91245
-91242
-91236
-91212
-91118
-91108
-91095
-91068
-91053
-91044
-91033
-90949
-90921
-90911
-90848
-90830
-90816
-90796
-90734
-90725
-90691
-90684
-90667
-90641
-90624
-90591
-90566
-90556
-90536
-90470
-90432
-90403
-90235
-90211
-90170
-90112
-90097
-90088
-89980
-89952
-89911
-89882
-89857
-89857
-89798
-89770
-89713
-89709
-89634
-89616
-89512
-89484
-89462
-89414
-89359
-89358
-89335
-89328
-89263
-89241
-89161
-89141
-89074
-88991
-88912
-88824
-88823
-88787
-88707
-88555
-88544
-88525
-88491
-88442
-88439
-88397
-88391
-88389
-88389
-88388
-88371
-88310
-88298
-88266
-88236
-88186
-88148
-88146
-88124
-88074
-88021
-87917
-87905
-87902
-87827
-87781
-87781
-87770
-87727
-87683
-87617
-87577
-87560
-87551
-87525
-87505
-87497
-87478
-87460
-87415
-87409
-87286
-87274
-87214
-87213
-87059
-86995
-86978
-86935
-86851
-86787
-86747
-86738
-86723
-86719
-86713
-86705
-86651
-86627
-86606
-86541
-86505
-86491
-86468
-86434
-86396
-86294
-86259
-86239
-86224
-86139
-86134
-86064
-86054
-86035
-86001
-85832
-85801
-85780
-85754
-85738
-85723
-85699
-85675
-85669
-85585
-85558
-85535
-85533
-85519
-85513
-85506
-85481
-85479
-85468
-85443
-85387
-85375
-85320
-85317
-85287
-85285
-85265
-85251
-85217
-85213
-85195
-85178
-85143
-85122
-85103
-85094
-85080
-84933
-84919
-84915
-84887
-84822
-84804
-84757
-84687
-84677
-84663
-84643
-84564
-84393
-84338
-84248
-84192
-84178
-84134
-84101
-84099
-84095
-84084
-84065
-84063
-84006
-83979
-83871
-83821
-83784
-83726
-83699
-83616
-83591
-83520
-83420
-83355
-83300
-83283
-83257
-83170
-83167
-83143
-83098
-83077
-83075
-83063
-83060
-83060
-83053
-82951
-82912
-82903
-82852
-82684
-82674
-82657
-82639
-82632
-82615
-82582
-82573
-82566
-82544
-82542
-82528
-82461
-82461
-82425
-82399
-82365
-82323
-82317
-82306
-82290
-82283
-82248
-82233
-82164
-82087
-82087
-82049
-82032
-81988
-81959
-81943
-81923
-81912
-81903
-81902
-81895
-81894
-81883
-81853
-81847
-81818
-81796
-81778
-81769
-81738
-81721
-81654
-81651
-81644
-81627
-81578
-81568
-81568
-81521
-81513
-81443
-81439
-81347
-81345
-81272
-81268
-81206
-81150
-81097
-81049
-81022
-81018
-81003
-80876
-80876
-80857
-80810
-80789
-80771
-80760
-80735
-80725
-80634
-80616
-80589
-80551
-80520
-80501
-80456
-80413
-80399
-80390
-80385
-80338
-80303
-80263
-80243
-80217
-80208
-80187
-80177
-80023
-80012
-80003
-79981
-79944
-79941
-79923
-79895
-79869
-79867
-79789
-79785
-79767
-79755
-79587
-79570
-79567
-79531
-79517
-79513
-79455
-79453
-79419
-79413
-79382
-79376
-79354
-79332
-79310
-79286
-79241
-79235
-79180
-79176
-79171
-79162
-79109
-79107
-79075
-79043
-79005
-78993
-78974
-78966
-78957
-78894
-78889
-78815
-78782
-78736
-78735
-78731
-78724
-78719
-78684
-78681
-78628
-78576
-78561
-78553
-78538
-78501
-78479
-78478
-78429
-78399
-78389
-78324
-78281
-78256
-78249
-78235
-78230
-78189
-78137
-78123
-78100
-78092
-78073
-78064
-78038
-78030
-77999
-77998
-77988
-77979
-77939
-77923
-77894
-77890
-77881
-77863
-77849
-77845
-77836
-77793
-77755
-77749
-77742
-77721
-77654
-77652
-77604
-77556
-77531
-77498
-77462
-77280
-77250
-77147
-77084
-76997
-76989
-76948
-76925
-76923
-76892
-76781
-76715
-76711
-76690
-76573
-76563
-76542
-76532
-76491
-76460
-76404
-76395
-76388
-76343
-76273
-76258
-76255
-76223
-76203
-76187
-76164
-76115
-76006
-75940
-75920
-75894
-75864
-75861
-75849
-75752
-75718
-75715
-75690
-75689
-75667
-75651
-75497
-75397
-75352
-75349
-75143
-75112
-75096
-75037
-75028
-75008
-74972
-74934
-74885
-74855
-74852
-74826
-74818
-74806
-74803
-74769
-74734
-74662
-74645
-74629
-74618
-74602
-74527
-74506
-74500
-74483
-74458
-74447
-74427
-74412
-74377
-74326
-74272
-74195
-74184
-74182
-74070
-74044
-74033
-74017
-73966
-73944
-73904
-73861
-73844
-73793
-73780
-73761
-73706
-73670
-73627
-73627
-73610
-73547
-73536
-73489
-73471
-73436
-73380
-73324
-73293
-73291
-73268
-73172
-73162
-73138
-73137
-73130
-72978
-72973
-72873
-72825
-72805
-72793
-72752
-72714
-72700
-72678
-72677
-72633
-72631
-72613
-72607
-72550
-72525
-72512
-72503
-72489
-72473
-72387
-72380
-72367
-72355
-72253
-72236
-72184
-72182
-72054
-72051
-72026
-72016
-72008
-72004
-71963
-71935
-71905
-71827
-71825
-71721
-71718
-71665
-71653
-71644
-71642
-71547
-71545
-71448
-71444
-71439
-71437
-71437
-71418
-71372
-71364
-71356
-71253
-71251
-71226
-71213
-71206
-71199
-71191
-71174
-71147
-71100
-71075
-71009
-70968
-70885
-70773
-70768
-70658
-70651
-70554
-70554
-70541
-70530
-70525
-70501
-70500
-70465
-70448
-70434
-70389
-70387
-70368
-70344
-70312
-70291
-70282
-70281
-70266
-70201
-70196
-70150
-70107
-70054
-70047
-69930
-69924
-69915
-69756
-69712
-69675
-69663
-69605
-69564
-69530
-69519
-69475
-69471
-69459
-69434
-69390
-69370
-69360
-69354
-69341
-69242
-69198
-69183
-69179
-69130
-69118
-69106
-69023
-69018
-68985
-68967
-68964
-68953
-68948
-68943
-68922
-68885
-68854
-68843
-68819
-68770
-68714
-68708
-68703
-68690
-68682
-68669
-68541
-68409
-68395
-68344
-68324
-68299
-68275
-68262
-68251
-68195
-68183
-68181
-68122
-68117
-68051
-68048
-68032
-67991
-67983
-67951
-67948
-67848
-67846
-67831
-67830
-67794
-67793
-67754
-67702
-67698
-67663
-67624
-67614
-67594
-67549
-67480
-67468
-67446
-67428
-67409
-67406
-67395
-67387
-67371
-67291
-67283
-67269
-67241
