31767
31767
31766
31758
31757
31756
31755
31754
31750
31734
31731
31731
31728
31726
31726
31722
31717
31715
31705
31700
31696
31696
31695
31692
31692
31686
31685
31682
31681
31681
31676
31674
31672
31668
31667
31667
31664
31661
31649
31638
31634
31628
31624
31624
31623
31618
31615
31614
31611
31611
31607
31606
31604
31594
31589
31587
31586
31576
31569
31567
31566
31565
31559
31555
31554
31553
31550
31549
31546
31545
31545
31540
31534
31528
31520
31520
31515
31514
31511
31502
31500
31498
31496
31493
31493
31493
31490
31489
31488
31485
31485
31485
31484
31483
31473
31471
31462
31458
31457
31457
31457
31453
31450
31445
31438
31434
31431
31429
31429
31428
31426
31426
31423
31423
31420
31417
31412
31406
31400
31397
31395
31392
31388
31384
31382
31373
31370
31363
31359
31358
31357
31355
31354
31353
31352
31352
31348
31343
31342
31341
31333
31327
31326
31325
31325
31325
31319
31318
31317
31315
31314
31307
31303
31290
31290
31289
31289
31288
31286
31282
31277
31268
31261
31259
31251
31251
31250
31249
31248
31247
31246
31246
31241
31240
31235
31233
31230
31223
31217
31214
31212
31204
31204
31203
31193
31191
31190
31185
31169
31166
31152
31143
31137
31136
31134
31130
31127
31123
31121
31121
31120
31117
31117
31116
31111
31107
31106
31100
31098
31095
31092
31089
31088
31086
31084
31079
31071
31071
31060
31057
31050
31048
31046
31043
31038
31033
31026
31023
31021
31017
31017
31015
31014
31014
31011
31009
31008
30998
30994
30991
30989
30985
30983
30982
30982
30977
30974
30962
30958
30956
30944
30941
30941
30939
30937
30927
30918
30915
30913
30912
30909
30909
30902
30899
30896
30893
30892
30890
30887
30884
30880
30879
30878
30868
30854
30846
30843
30840
30839
30833
30833
30826
30825
30825
30822
30821
30809
30808
30808
30797
30794
30791
30783
30775
30774
30774
30773
30772
30770
30769
30769
30768
30764
30760
30752
30751
30748
30746
30743
30738
30734
30734
30733
30726
30725
30725
30722
30719
30718
30713
30706
30705
30703
30699
30697
30690
30688
30682
30681
30677
30673
30672
30662
30661
30660
30653
30652
30651
30647
30644
30641
30636
30636
30632
30626
30618
30608
30606
30603
30585
30581
30572
30569
30568
30562
30560
30556
30552
30550
30549
30548
30544
30541
30534
30529
30528
30527
30524
30515
30514
30513
30508
30506
30504
30503
30502
30494
30490
30489
30482
30473
30472
30456
30452
30445
30444
30435
30433
30431
30430
30429
30428
30421
30421
30418
30414
30410
30408
30407
30407
30404
30403
30389
30389
30384
30376
30376
30374
30374
30373
30367
30363
30359
30353
30351
30340
30335
30333
30331
30327
30326
30322
30321
30318
30316
30298
30295
30289
30278
30274
30269
30269
30267
30266
30264
30262
30250
30249
30246
30244
30243
30238
30238
30237
30235
30228
30228
30213
30208
30204
30200
30192
30192
30192
30190
30189
30183
30181
30179
30176
30175
30174
30168
30162
30159
30159
30151
30149
30148
30140
30137
30134
30132
30130
30128
30125
30123
30115
30113
30108
30088
30084
30084
30080
30071
30071
30067
30066
30058
30057
30055
30053
30043
30042
30041
30038
30037
30036
30033
30032
30027
30027
30026
30023
30020
30017
30014
30012
30011
30011
30010
30001
30001
30001
29998
29994
29993
29991
29991
29988
29987
29982
29980
29978
29975
29975
29975
29971
29969
29968
29967
29964
29963
29960
29960
29959
29955
29952
29951
29950
29949
29944
29939
29935
29933
29933
29933
29930
29929
29925
29914
29911
29906
29904
29896
29895
29887
29885
29883
29879
29877
29874
29873
29869
29863
29862
29861
29858
29858
29853
29852
29844
29838
29833
29827
29817
29803
29796
29793
29792
29790
29786
29785
29778
29768
29766
29766
29762
29761
29758
29758
29755
29750
29750
29745
29742
29740
29738
29721
29714
29710
29710
29708
29707
29706
29703
29698
29697
29690
29680
29677
29674
29674
29673
29667
29662
29650
29650
29641
29640
29639
29636
29630
29623
29617
29616
29613
29601
29592
29587
29586
29580
29577
29571
29570
29570
29566
29565
29563
29563
29554
29553
29551
29544
29542
29536
29533
29532
29531
29528
29526
29524
29524
29524
29523
29518
29516
29507
29505
29500
29499
29498
29495
29494
29493
29492
29491
29490
29483
29481
29478
29472
29471
29471
29465
29461
29461
29461
29459
29458
29454
29452
29449
29445
29441
29441
29440
29437
29435
29429
29427
29424
29421
29416
29416
29406
29404
29402
29401
29393
29390
29389
29383
29382
29380
29372
29368
29364
29364
29361
29360
29358
29356
29352
29351
29350
29347
29342
29331
29312
29308
29307
29306
29303
29303
29299
29299
29299
29295
29295
29294
29288
29281
29279
29278
29275
29274
29269
29268
29266
29260
29258
29257
29254
29252
29251
29242
29240
29239
29237
29226
29226
29225
29221
29220
29218
29210
29208
29205
29205
29199
29197
29196
29192
29191
29190
29179
29174
29171
29170
29168
29166
29160
29160
29155
29151
29149
29137
29135
29130
29125
29121
29121
29120
29120
29117
29114
29114
29112
29109
29108
29105
29101
29097
29097
29095
29088
29079
29078
29074
29067
29067
29066
29060
29054
29052
29050
29043
29042
29042
29039
29031
29028
29023
29020
29017
29015
29013
29006
28998
28992
28985
28982
28980
28979
28979
28978
28976
28976
28965
28961
28960
28958
28949
28936
28934
28929
28924
28921
28919
28917
28914
28904
28903
28902
28900
28900
28900
28899
28894
28894
28891
28890
28883
28879
28877
28871
28870
28867
28861
28860
28859
28849
28849
28848
28837
28828
28828
28828
28827
28824
28822
28821
28821
28813
28810
28807
28802
28800
28799
28798
28794
28793
28788
28787
28772
28768
28765
28760
28757
28752
28748
28748
28740
28738
28737
28736
28721
28720
28716
28715
28710
28708
28705
28705
28705
28703
28700
28690
28679
28667
28662
28662
28659
28658
28649
28644
28641
28639
28638
28638
28635
28631
28626
28624
28618
28617
28614
28611
28610
28610
28606
28605
28605
28603
28599
28596
28596
28596
28595
28594
28591
28591
28582
28578
28573
28568
28567
28561
28560
28560
28560
28559
28552
28549
28547
28544
28544
28541
28534
28534
28531
28531
28530
28525
28522
28518
28511
28505
28501
28489
28488
28486
28481
28481
28476
28468
28464
28461
28459
28455
28452
28452
28451
28450
28444
28443
28438
28433
28432
28431
28430
28421
28421
28419
28418
28414
28411
28405
28400
28397
28390
28387
28379
28376
28371
28364
28362
28361
28361
28358
28358
28355
28347
28342
28339
28338
28336
28333
28332
28331
28327
28322
28311
28308
28308
28307
28306
28305
28304
28302
28301
28286
28286
28284
28284
28278
28271
28268
28263
28259
28258
28256
28256
28253
28251
28248
28248
28241
28240
28240
28236
28233
28231
28231
28229
28228
28216
28213
28204
28202
28199
28197
28192
28192
28191
28187
28186
28185
28181
28180
28179
28173
28171
28168
28165
28158
28156
28152
28151
28147
28146
28142
28140
28132
28129
28129
28127
28120
28118
28117
28105
28104
28097
28092
28083
28083
28079
28079
28077
28069
28068
28067
28066
28065
28061
28061
28055
28052
28051
28050
28044
28042
28040
28039
28038
28036
28035
28032
28031
28030
28026
28021
28017
28014
28013
28011
28008
28006
28004
28002
28000
27999
27991
27990
27988
27988
27981
27980
27980
27976
27974
27973
27968
27966
27965
27964
27963
27960
27958
27957
27956
27950
27948
27942
27937
27926
27921
27921
27916
27907
27900
27899
27897
27889
27889
27881
27877
27869
27868
27866
27862
27862
27862
27861
27857
27852
27851
27846
27845
27844
27838
27837
27836
27831
27828
27828
27826
27826
27816
27811
27809
27805
27803
27802
27802
27800
27797
27790
27777
27777
27773
27773
27773
27767
27760
27757
27757
27747
27740
27737
27735
27730
27726
27724
27724
27722
27721
27713
27713
27713
27707
27706
27704
27703
27697
27696
27695
27691
27690
27686
27676
27673
27669
27665
27665
27661
27651
27647
27644
27642
27632
27631
27629
27625
27624
27622
27621
27612
27610
27607
27606
27600
27598
27598
27589
27589
27588
27586
27585
27583
27582
27581
27577
27575
27570
27569
27566
27561
27557
27544
27541
27541
27539
27538
27535
27534
27532
27531
27526
27525
27525
27521
27521
27520
27519
27518
27518
27517
27513
27511
27509
27501
27487
27483
27482
27479
27477
27477
27472
27469
27469
27463
27459
27457
27447
27442
27432
27430
27429
27427
27426
27419
27415
27413
27410
27410
27406
27404
27403
27402
27398
27397
27393
27393
27385
27385
27384
27370
27366
27359
27357
27353
27353
27352
27340
27330
27329
27324
27319
27318
27318
27315
27312
27309
27309
27308
27307
27302
27290
27290
27284
27275
27274
27259
27252
27249
27245
27245
27240
27237
27233
27229
27229
27227
27226
27225
27221
27220
27216
27207
27206
27204
27200
27194
27190
27189
27189
27187
27186
27186
27183
27174
27172
27168
27168
27167
27159
27150
27144
27140
27139
27137
27136
27133
27131
27119
27115
27115
27114
27111
27111
27107
27103
27098
27097
27094
27090
27087
27085
27085
27084
27084
27082
27081
27081
27077
27074
27062
27062
27056
27056
27054
27053
27050
27050
27050
27044
27044
27044
27043
27041
27038
27037
27036
27028
27022
27019
27015
27014
27003
27001
26995
26994
26991
26989
26985
26985
26984
26983
26976
26973
26971
26969
26968
26967
26962
26962
26956
26955
26952
26943
26941
26936
26936
26934
26934
26931
26931
26929
26922
26918
26917
26917
26909
26907
26905
26900
26900
26893
26891
26888
26887
26879
26877
26871
26867
26865
26858
26856
26856
26854
26854
26850
26845
26841
26841
26840
26836
26835
26835
26833
26830
26825
26824
26824
26818
26809
26803
26796
26794
26791
26779
26775
26770
26770
26769
26768
26767
26766
26763
26757
26753
26750
26747
26746
26742
26742
26741
26727
26726
26723
26717
26715
26713
26710
26708
26702
26696
26695
26690
26684
26682
26679
26679
26673
26672
26666
26664
26663
26662
26659
26656
26654
26654
26653
26650
26641
26641
26635
26629
26628
26628
26626
26625
26624
26624
26624
26617
26617
26607
26606
26606
26605
26603
26598
26598
26598
26594
26587
26580
26577
26570
26570
26565
26563
26559
26557
26551
26548
26547
26538
26535
26535
26534
26528
26528
26524
26524
26524
26517
26515
26514
26511
26508
26505
26504
26500
26498
26498
26497
26496
26481
26481
26479
26474
26463
26454
26450
26444
26437
26432
26432
26427
26425
26404
26399
26399
26396
26396
26395
26394
26385
26381
26377
26376
26375
26371
26369
26365
26365
26364
26362
26361
26358
26355
26355
26346
26342
26341
26338
26332
26331
26326
26320
26320
26319
26316
26314
26312
26309
26302
26295
26294
26292
26289
26288
26287
26287
26281
26278
26278
26273
26261
26259
26254
26253
26247
26243
26241
26237
26237
26233
26228
26226
26224
26224
26210
26205
26205
26199
26199
26197
26196
26193
26190
26177
26168
26163
26161
26133
26131
26129
26127
26126
26117
26111
26107
26106
26104
26103
26101
26100
26098
26090
26088
26086
26081
26077
26073
26069
26063
26063
26054
26053
26046
26044
26041
26040
26031
26028
26028
26025
26019
26015
26014
26013
26011
26005
26005
26004
26004
25999
25988
25985
25982
25978
25976
25972
25970
25966
25964
25962
25959
25955
25954
25952
25951
25942
25938
25929
25927
25925
25924
25922
25922
25917
25910
25909
25907
25906
25905
25903
25901
25901
25899
25899
25897
25894
25885
25884
25880
25880
25872
25871
25869
25860
25859
25858
25850
25841
25837
25834
25829
25825
25823
25823
25811
25810
25809
25801
25798
25796
25793
25793
25784
25771
25770
25766
25764
25764
25761
25759
25750
25749
25749
25747
25744
25733
25733
25731
25730
25728
25726
25715
25715
25710
25707
25704
25701
25699
25697
25693
25691
25686
25684
25678
25670
25670
25667
25667
25666
25661
25661
25651
25649
25648
25645
25642
25642
25634
25630
25623
25620
25615
25611
25610
25608
25607
25605
25602
25600
25599
25594
25591
25591
25589
25586
25585
25584
25578
25567
25565
25564
25559
25557
25556
25549
25546
25544
25535
25534
25533
25531
25517
25515
25506
25505
25500
25499
25499
25495
25495
25494
25492
25484
25479
25479
25479
25478
25477
25474
25471
25464
25463
25460
25458
25455
25453
25451
25449
25439
25434
25431
25430
25425
25416
25415
25415
25414
25407
25404
25393
25391
25380
25380
25378
25367
25358
25356
25353
25347
25340
25339
25338
25337
25336
25333
25333
25332
25331
25328
25323
25319
25315
25308
25306
25299
25299
25291
25281
25275
25271
25266
25265
25262
25253
25252
25252
25248
25245
25242
25239
25232
25230
25230
25229
25229
25227
25224
25222
25222
25216
25213
25211
25201
25201
25198
25195
25193
25192
25188
25187
25183
25182
25180
25174
25168
25165
25157
25148
25147
25146
25143
25140
25137
25130
25129
25128
25127
25127
25125
25125
25121
25119
25117
25116
25114
25106
25101
25100
25098
25091
25088
25082
25079
25079
25074
25068
25066
25065
25065
25059
25058
25055
25053
25051
25050
25047
25045
25044
25039
25038
25032
25025
25014
25009
25003
25002
24999
24996
24992
24991
24990
24987
24987
24986
24986
24985
24983
24983
24982
24980
24978
24976
24976
24975
24970
24966
24960
24958
24954
24950
24947
24940
24939
24935
24934
24931
24931
24929
24928
24927
24925
24924
24924
24915
24915
24910
24908
24903
24899
24897
24890
24886
24886
24882
24881
24881
24871
24870
24869
24866
24866
24864
24862
24856
24847
24844
24843
24842
24837
24835
24835
24831
24830
24822
24819
24818
24817
24809
24808
24804
24798
24797
24794
24792
24790
24787
24785
24784
24783
24781
24775
24774
24770
24768
24762
24751
24749
24731
24729
24728
24726
24725
24725
24725
24724
24724
24719
24707
24704
24701
24701
24698
24697
24686
24686
24684
24681
24681
24679
24678
24675
24673
24673
24661
24659
24655
24653
24652
24647
24643
24643
24642
24640
24635
24631
24627
24622
24622
24618
24616
24614
24609
24605
24599
24597
24594
24592
24589
24588
24572
24565
24560
24559
24552
24543
24543
24541
24538
24537
24536
24535
24534
24532
24527
24526
24526
24519
24516
24515
24513
24502
24500
24492
24488
24488
24488
24487
24484
24477
24474
24473
24471
24469
24467
24466
24465
24456
24454
24447
24443
24439
24436
24435
24430
24428
24427
24425
24424
24423
24423
24423
24422
24414
24411
24409
24403
24402
24402
24401
24400
24398
24398
24394
24394
24392
24391
24389
24378
24372
24369
24367
24366
24355
24345
24342
24338
24334
24333
24332
24330
24330
24325
24323
24320
24320
24318
24315
24314
24312
24310
24281
24281
24280
24280
24276
24276
24271
24271
24269
24269
24265
24264
24259
24258
24254
24253
24251
24249
24245
24238
24233
24231
24228
24228
24219
24218
24218
24215
24212
24206
24201
24200
24198
24195
24178
24177
24173
24169
24164
24162
24154
24145
24142
24138
24136
24119
24109
24099
24097
24090
24089
24088
24086
24085
24085
24084
24080
24072
24061
24059
24058
24054
24052
24051
24049
24045
24036
24033
24033
24032
24028
24024
24024
24021
24019
24018
24014
24013
24010
24009
24004
24002
24000
24000
23998
23991
23990
23980
23971
23969
23969
23969
23968
23967
23966
23966
23955
23954
23951
23949
23939
23938
23936
23934
23934
23931
23929
23929
23911
23905
23893
23892
23885
23882
23880
23879
23878
23878
23872
23868
23862
23853
23850
23849
23847
23839
23835
23832
23829
23829
23828
23826
23824
23823
23821
23821
23818
23817
23816
23814
23813
23809
23803
23801
23800
23799
23796
23792
23785
23785
23780
23778
23766
23761
23760
23756
23752
23752
23750
23744
23742
23739
23734
23731
23730
23727
23724
23719
23713
23708
23708
23705
23695
23695
23687
23686
23686
23681
23675
23675
23675
23674
23673
23672
23670
23667
23666
23655
23654
23648
23646
23644
23642
23639
23634
23634
23633
23628
23627
23621
23618
23618
23617
23612
23609
23600
23599
23599
23598
23595
23586
23585
23578
23577
23574
23572
23571
23569
23567
23567
23564
23563
23563
23560
23555
23551
23549
23547
23547
23545
23544
23544
23544
23542
23538
23538
23536
23529
23527
23527
23526
23525
23516
23507
23504
23499
23497
23494
23493
23485
23482
23482
23477
23473
23472
23471
23469
23467
23460
23459
23457
23456
23455
23448
23447
23439
23435
23432
23428
23428
23428
23427
23426
23424
23423
23423
23420
23418
23407
23406
23405
23404
23391
23391
23389
23384
23383
23372
23371
23370
23368
23364
23350
23349
23344
23341
23337
23326
23325
23324
23318
23312
23310
23303
23302
23294
23283
23283
23279
23278
23278
23277
23273
23272
23267
23263
23253
23253
23248
23247
23246
23244
23244
23243
23240
23237
23233
23233
23230
23225
23224
23223
23221
23218
23206
23205
23204
23203
23202
23199
23194
23194
23192
23168
23168
23167
23153
23153
23150
23150
23150
23148
23147
23146
23146
23143
23131
23130
23126
23124
23120
23120
23119
23104
23098
23091
23090
23088
23088
23086
23085
23084
23083
23082
23082
23081
23080
23075
23074
23064
23063
23063
23061
23055
23053
23053
23049
23048
23047
23045
23044
23044
23042
23041
23036
23032
23027
23026
23024
23022
23016
23016
23013
23012
23012
23010
23008
23006
23006
23003
22999
22993
22990
22989
22988
22986
22984
22984
22974
22972
22971
22969
22965
22963
22960
22957
22950
22949
22948
22941
22941
22940
22937
22933
22932
22931
22930
22929
22928
22928
22927
22925
22921
22920
22917
22917
22915
22900
22894
22891
22890
22887
22886
22875
22871
22869
22869
22864
22862
22861
22860
22855
22852
22851
22848
22835
22828
22826
22822
22820
22817
22815
22812
22810
22804
22801
22795
22791
22790
22787
22783
22780
22774
22774
22770
22760
22758
22755
22749
22744
22741
22737
22736
22735
22733
22725
22724
22722
22722
22719
22718
22717
22712
22711
22711
22705
22702
22700
22700
22690
22690
22676
22676
22675
22673
22673
22673
22670
22656
22655
22652
22652
22651
22650
22644
22641
22641
22637
22635
22628
22620
22620
22620
22617
22616
22607
22604
22602
22600
22592
22577
22576
22575
22573
22573
22572
22569
22563
22561
22558
22556
22551
22550
22543
22540
22540
22538
22530
22525
22514
22512
22508
22506
22502
22497
22495
22495
22494
22491
22491
22490
22489
22482
22482
22481
22480
22471
22469
22464
22462
22459
22459
22457
22457
22446
22436
22433
22424
22419
22416
22414
22412
22412
22409
22409
22407
22399
22395
22391
22388
22384
22381
22380
22378
22377
22373
22365
22365
22364
22354
22352
22349
22338
22338
22332
22331
22317
22316
22315
22311
22308
22304
22303
22301
22300
22294
22294
22293
22292
22289
22285
22281
22278
22274
22272
22267
22257
22255
22245
22237
22237
22225
22212
22210
22206
22205
22204
22203
22196
22188
22185
22184
22183
22181
22163
22158
22158
22157
22152
22151
22147
22142
22140
22135
22134
22125
22122
22119
22115
22107
22100
22100
22100
22100
22095
22094
22093
22089
22087
22082
22078
22075
22075
22073
22065
22063
22060
22050
22049
22039
22031
22031
22031
22016
22015
22009
22005
22004
22001
22001
21992
21990
21984
21977
21974
21974
21969
21968
21965
21965
21956
21954
21954
21951
21948
21947
21942
21939
21938
21933
21933
21932
21927
21925
21918
21918
21916
21916
21911
21909
21907
21904
21903
21901
21897
21895
21893
21889
21885
21879
21874
21872
21870
21864
21863
21858
21857
21857
21854
21853
21852
21847
21845
21844
21840
21834
21825
21821
21819
21812
21811
21808
21802
21802
21798
21795
21791
21790
21789
21789
21785
21782
21780
21773
21762
21760
21757
21752
21749
21749
21745
21743
21735
21731
21728
21727
21719
21712
21709
21705
21705
21701
21679
21668
21664
21662
21661
21655
21649
21644
21643
21637
21636
21630
21623
21618
21613
21607
21607
21604
21600
21599
21594
21593
21589
21588
21583
21582
21573
21570
21569
21568
21567
21562
21560
21559
21554
21550
21549
21541
21534
21534
21532
21532
21530
21529
21528
21528
21527
21514
21513
21509
21507
21506
21504
21494
21492
21491
21487
21483
21478
21475
21468
21464
21462
21461
21458
21456
21447
21443
21439
21438
21435
21431
21422
21417
21412
21411
21405
21404
21403
21397
21396
21396
21391
21387
21386
21384
21380
21376
21368
21358
21358
21353
21350
21346
21346
21346
21345
21338
21336
21334
21332
21331
21328
21311
21311
21310
21304
21304
21298
21295
21291
21290
21281
21281
21275
21273
21273
21265
21263
21261
21254
21254
21253
21253
21251
21240
21239
21237
21227
21223
21216
21215
21214
21214
21201
21199
21199
21193
21189
21187
21187
21187
21181
21181
21180
21174
21173
21164
21164
21161
21160
21157
21157
21154
21153
21151
21150
21147
21147
21143
21137
21125
21124
21124
21120
21119
21118
21118
21116
21109
21108
21108
21108
21107
21097
21093
21090
21085
21084
21081
21081
21080
21079
21078
21067
21059
21054
21050
21048
21047
21046
21044
21041
21038
21035
21015
21015
21014
21012
21011
21007
21007
21003
21001
20997
20995
20992
20989
20986
20983
20978
20976
20973
20966
20963
20960
20959
20954
20952
20951
20951
20944
20941
20939
20938
20934
20932
20925
20925
20909
20902
20901
20893
20892
20886
20883
20878
20876
20874
20871
20868
20863
20855
20855
20848
20844
20844
20843
20841
20839
20832
20830
20820
20820
20819
20814
20812
20809
20808
20807
20805
20801
20800
20800
20798
20794
20792
20790
20787
20778
20776
20768
20763
20762
20755
20737
20736
20735
20734
20732
20729
20726
20721
20717
20716
20716
20713
20707
20707
20703
20703
20703
20702
20700
20698
20696
20692
20688
20686
20683
20680
20680
20678
20678
20678
20677
20674
20666
20665
20658
20643
20640
20637
20635
20632
20626
20621
20618
20614
20609
20608
20604
20603
20603
20600
20597
20595
20591
20591
20590
20588
20583
20581
20574
20572
20571
20567
20566
20564
20563
20554
20553
20552
20548
20546
20543
20533
20530
20530
20527
20520
20517
20516
20512
20512
20507
20506
20501
20492
20490
20486
20485
20482
20482
20480
20473
20470
20465
20462
20457
20455
20454
20454
20453
20449
20448
20444
20439
20436
20427
20425
20422
20422
20420
20411
20410
20409
20401
20400
20392
20386
20385
20385
20369
20361
20355
20348
20346
20346
20341
20340
20326
20326
20324
20322
20319
20319
20318
20316
20314
20311
20307
20302
20300
20298
20298
20297
20295
20290
20288
20283
20279
20279
20278
20275
20272
20269
20269
20267
20263
20259
20258
20251
20251
20245
20238
20230
20228
20224
20223
20222
20219
20213
20212
20210
20208
20205
20204
20199
20194
20190
20181
20174
20171
20169
20163
20161
20158
20157
20150
20149
20139
20134
20134
20133
20131
20131
20124
20124
20122
20121
20120
20118
20118
20113
20111
20108
20105
20102
20101
20101
20097
20095
20095
20095
20094
20091
20087
20086
20084
20079
20077
20074
20074
20074
20072
20072
20071
20071
20067
20062
20059
20059
20056
20055
20050
20050
20045
20033
20033
20029
20028
20024
20022
20017
20007
20004
19997
19996
19993
19989
19977
19975
19973
19972
19969
19968
19966
19954
19951
19950
19950
19949
19947
19946
19945
19940
19938
19931
19930
19930
19929
19928
19927
19926
19926
19921
19918
19914
19913
19909
19907
19906
19904
19895
19894
19888
19883
19876
19875
19873
19870
19861
19860
19856
19855
19850
19848
19845
19844
19841
19840
19840
19839
19836
19831
19823
19820
19813
19810
19802
19802
19799
19793
19783
19782
19777
19774
19767
19766
19764
19761
19750
19748
19747
19747
19747
19746
19745
19744
19740
19734
19733
19733
19732
19731
19729
19722
19714
19709
19709
19706
19706
19706
19706
19706
19705
19704
19697
19692
19690
19682
19679
19678
19677
19664
19664
19663
19661
19656
19655
19654
19654
19653
19649
19648
19642
19640
19634
19633
19632
19631
19628
19626
19626
19624
19622
19617
19616
19612
19608
19608
19604
19600
19594
19589
19589
19586
19584
19583
19582
19576
19574
19573
19567
19559
19559
19550
19550
19547
19542
19540
19536
19527
19526
19524
19514
19510
19508
19506
19501
19500
19500
19499
19493
19486
19482
19481
19476
19476
19473
19471
19464
19452
19444
19435
19433
19433
19430
19428
19426
19423
19422
19409
19408
19403
19402
19399
19392
19389
19384
19383
19377
19375
19372
19368
19362
19359
19358
19356
19355
19351
19347
19344
19338
19338
19337
19333
19333
19329
19328
19324
19321
19317
19314
19313
19310
19303
19291
19283
19281
19277
19277
19275
19272
19268
19266
19260
19251
19248
19245
19245
19234
19230
19229
19227
19227
19221
19211
19207
19204
19202
19190
19190
19189
19183
19180
19179
19179
19177
19170
19169
19167
19166
19163
19159
19154
19148
19148
19147
19144
19143
19143
19137
19134
19131
19129
19128
19127
19126
19124
19121
19120
19120
19118
19113
19112
19109
19096
19085
19081
19075
19071
19068
19062
19061
19061
19058
19044
19044
19043
19040
19034
19033
19032
19030
19028
19025
19024
19022
19020
19020
19020
19019
19018
19016
19015
19014
19013
19009
19007
19004
18998
18994
18990
18987
18980
18979
18976
18973
18966
18965
18960
18959
18958
18952
18950
18947
18939
18936
18926
18923
18923
18920
18919
18913
18910
18910
18909
18898
18894
18894
18894
18889
18889
18888
18885
18884
18877
18875
18872
18870
18869
18866
18865
18865
18863
18859
18857
18856
18850
18848
18846
18844
18838
18838
18829
18828
18827
18824
18823
18817
18815
18814
18806
18789
18788
18788
18786
18779
18778
18778
18776
18766
18765
18763
18756
18754
18752
18750
18746
18746
18743
18742
18741
18729
18724
18721
18715
18713
18706
18702
18700
18696
18694
18693
18688
18685
18672
18670
18668
18660
18659
18645
18644
18639
18639
18634
18633
18626
18625
18624
18622
18621
18611
18611
18597
18595
18595
18595
18590
18584
18577
18575
18573
18570
18568
18568
18553
18551
18549
18546
18543
18539
18533
18531
18528
18520
18518
18515
18512
18505
18499
18486
18486
18480
18473
18473
18472
18471
18471
18469
18462
18460
18456
18453
18449
18448
18446
18437
18435
18426
18426
18411
18410
18404
18402
18402
18396
18396
18395
18391
18385
18385
18384
18384
18384
18380
18379
18377
18374
18373
18368
18364
18359
18359
18358
18357
18351
18351
18349
18344
18334
18332
18330
18328
18326
18326
18324
18323
18319
18316
18315
18315
18314
18314
18311
18309
18305
18305
18298
18297
18294
18290
18275
18272
18268
18265
18263
18260
18259
18258
18256
18252
18252
18251
18250
18250
18248
18244
18239
18236
18235
18234
18234
18234
18227
18226
18226
18224
18224
18204
18203
18196
18192
18192
18189
18172
18169
18166
18166
18165
18162
18161
18159
18156
18153
18151
18151
18150
18149
18143
18143
18138
18137
18129
18125
18121
18116
18113
18113
18111
18110
18108
18103
18101
18094
18092
18083
18072
18071
18067
18066
18066
18063
18062
18062
18058
18058
18052
18052
18050
18050
18049
18034
18032
18028
18022
18013
18003
18001
17992
17991
17983
17978
17977
17976
17974
17972
17964
17964
17964
17959
17953
17952
17949
17940
17930
17930
17929
17926
17922
17922
17922
17922
17921
17919
17906
17900
17890
17885
17881
17880
17880
17875
17874
17865
17865
17865
17864
17858
17857
17855
17855
17848
17847
17847
17845
17841
17839
17837
17833
17832
17832
17831
17829
17824
17823
17820
17816
17815
17809
17808
17803
17801
17801
17800
17787
17785
17780
17778
17772
17767
17766
17764
17763
17756
17753
17753
17748
17746
17744
17729
17727
17718
17717
17714
17699
17699
17698
17692
17688
17686
17685
17682
17681
17673
17672
17671
17670
17669
17668
17668
17664
17661
17658
17652
17650
17641
17637
17637
17632
17632
17626
17617
17613
17610
17609
17605
17604
17602
17601
17597
17581
17580
17577
17576
17575
17569
17567
17553
17550
17547
17545
17544
17543
17539
17533
17533
17531
17530
17525
17523
17522
17521
17518
17512
17511
17506
17501
17501
17497
17496
17495
17486
17484
17481
17480
17480
17465
17464
17460
17458
17458
17456
17448
17443
17442
17442
17438
17434
17433
17423
17423
17422
17420
17416
17415
17410
17406
17404
17394
17386
17382
17382
17381
17370
17364
17363
17360
17358
17350
17347
17346
17346
17345
17342
17342
17342
17336
17335
17332
17329
17325
17324
17324
17320
17318
17317
17311
17307
17297
17292
17290
17286
17283
17277
17266
17264
17260
17246
17243
17239
17236
17229
17228
17228
17226
17225
17221
17215
17215
17214
17213
17209
17209
17204
17197
17195
17193
17185
17184
17182
17175
17159
17158
17151
17150
17148
17146
17144
17142
17136
17135
17132
17125
17120
17113
17113
17112
17108
17098
17096
17096
17096
17095
17078
17073
17066
17066
17063
17051
17049
17042
17031
17030
17027
17023
17023
17018
17016
17015
17012
17011
17007
17003
17002
17000
16996
16992
16991
16988
16980
16980
16973
16968
16966
16966
16964
16960
16956
16955
16953
16950
16950
16932
16924
16921
16913
16910
16909
16908
16897
16895
16893
16891
16891
16891
16887
16887
16882
16881
16880
16880
16879
16876
16876
16876
16869
16868
16858
16855
16850
16847
16843
16826
16820
16820
16819
16816
16815
16813
16812
16806
16803
16802
16802
16797
16797
16794
16794
16787
16786
16781
16779
16779
16778
16753
16753
16750
16749
16746
16744
16743
16741
16740
16733
16728
16726
16712
16704
16703
16701
16701
16698
16696
16694
16692
16688
16683
16682
16681
16676
16676
16671
16660
16651
16650
16643
16640
16640
16640
16629
16625
16624
16619
16612
16609
16607
16607
16593
16587
16580
16573
16570
16568
16566
16562
16559
16555
16555
16554
16551
16544
16536
16534
16529
16529
16525
16524
16522
16522
16522
16518
16512
16512
16510
16505
16500
16498
16495
16495
16493
16493
16491
16489
16485
16480
16479
16479
16475
16475
16473
16470
16467
16467
16437
16426
16425
16419
16419
16413
16410
16405
16405
16403
16391
16389
16387
16385
16384
16380
16372
16368
16367
16365
16365
16363
16361
16360
16356
16355
16349
16344
16342
16341
16337
16337
16333
16330
16329
16323
16308
16308
16303
16293
16291
16288
16287
16278
16276
16255
16254
16250
16248
16242
16241
16239
16231
16222
16221
16219
16215
16215
16207
16205
16205
16204
16203
16202
16195
16193
16191
16189
16186
16184
16177
16172
16170
16170
16168
16167
16159
16158
16155
16154
16154
16153
16142
16141
16137
16135
16127
16124
16117
16117
16115
16110
16110
16102
16099
16093
16079
16067
16063
16062
16061
16060
16049
16046
16037
16032
16030
16027
16024
16022
16022
16019
16016
16013
16001
15999
15997
15997
15995
15994
15994
15994
15991
15990
15972
15971
15969
15968
15967
15962
15950
15948
15945
15943
15942
15930
15926
15925
15919
15918
15913
15908
15907
15904
15904
15902
15884
15880
15876
15873
15872
15872
15867
15866
15864
15863
15861
15861
15861
15860
15854
15853
15849
15843
15843
15842
15842
15841
15839
15839
15837
15836
15833
15831
15827
15815
15815
15813
15806
15805
15804
15801
15779
15775
15774
15773
15771
15767
15760
15759
15759
15752
15747
15744
15741
15735
15732
15732
15732
15730
15724
15720
15713
15707
15703
15696
15695
15691
15690
15684
15684
15682
15679
15678
15667
15666
15666
15663
15658
15651
15651
15645
15644
15642
15641
15638
15636
15636
15636
15634
15630
15629
15627
15624
15618
15614
15612
15609
15604
15602
15599
15591
15590
15590
15583
15579
15578
15570
15564
15564
15562
15562
15556
15552
15550
15549
15543
15543
15536
15533
15532
15528
15528
15527
15525
15518
15515
15513
15510
15509
15506
15500
15499
15498
15495
15492
15492
15489
15489
15488
15484
15483
15477
15473
15466
15461
15459
15455
15454
15453
15453
15447
15444
15442
15435
15435
15433
15430
15425
15423
15414
15412
15410
15407
15398
15393
15387
15381
15374
15366
15366
15357
15346
15345
15338
15337
15334
15333
15331
15327
15327
15327
15325
15324
15321
15317
15315
15313
15312
15303
15303
15303
15300
15296
15294
15288
15288
15286
15285
15279
15276
15273
15269
15260
15258
15255
15255
15250
15248
15246
15245
15242
15228
15228
15227
15224
15224
15224
15216
15214
15212
15211
15207
15198
15193
15188
15188
15186
15182
15176
15171
15169
15168
15164
15158
15155
15151
15147
15141
15138
15137
15135
15134
15134
15133
15133
15132
15129
15125
15121
15121
15117
15114
15114
15109
15102
15101
15087
15081
15080
15079
15077
15067
15066
15065
15064
15061
15058
15058
15058
15057
15056
15052
15044
15043
15041
15040
15037
15032
15031
15027
15026
15018
15012
15011
15010
15010
15004
15003
15002
14998
14995
14994
14992
14991
14986
14984
14982
14981
14977
14977
14973
14971
14970
14968
14968
14966
14966
14965
14965
14959
14959
14955
14952
14951
14950
14945
14937
14928
14926
14922
14917
14914
14909
14909
14907
14902
14902
14891
14890
14887
14887
14886
14885
14881
14880
14879
14878
14877
14867
14866
14865
14864
14852
14846
14844
14844
14840
14833
14832
14831
14830
14829
14829
14823
14822
14821
14819
14819
14817
14807
14801
14798
14798
14797
14795
14795
14791
14790
14789
14788
14784
14782
14781
14779
14778
14775
14771
14767
14766
14765
14762
14760
14756
14755
14748
14746
14740
14739
14736
14735
14734
14728
14727
14727
14721
14716
14711
14711
14711
14710
14705
14702
14699
14694
14685
14684
14681
14680
14675
14673
14671
14668
14666
14664
14660
14658
14657
14651
14648
14646
14646
14646
14639
14639
14638
14633
14633
14627
14626
14617
14617
14612
14609
14605
14604
14602
14594
14594
14592
14591
14579
14578
14575
14566
14560
14557
14551
14549
14546
14544
14539
14536
14534
14532
14532
14529
14529
14529
14522
14518
14512
14511
14511
14510
14510
14507
14503
14503
14502
14501
14500
14500
14484
14481
14472
14472
14463
14462
14462
14453
14441
14441
14438
14437
14436
14432
14432
14430
14423
14421
14412
14409
14406
14400
14397
14395
14390
14390
14385
14383
14382
14380
14378
14376
14374
14371
14367
14359
14356
14353
14352
14349
14348
14348
14336
14335
14332
14309
14299
14298
14297
14295
14291
14290
14289
14289
14284
14278
14278
14274
14272
14270
14268
14264
14264
14261
14260
14260
14252
14250
14240
14240
14239
14237
14235
14234
14233
14230
14223
14215
14215
14214
14212
14211
14210
14199
14192
14190
14190
14185
14184
14181
14178
14175
14167
14166
14165
14164
14163
14161
14158
14157
14149
14145
14140
14138
14137
14135
14135
14133
14125
14124
14120
14114
14113
14112
14111
14109
14106
14105
14104
14099
14096
14095
14085
14081
14073
14069
14064
14060
14059
14058
14051
14049
14048
14033
14029
14028
14025
14017
14016
14014
14009
14008
14006
14005
14001
13999
13997
13997
13996
13995
13985
13981
13980
13976
13975
13971
13970
13965
13942
13940
13937
13936
13934
13930
13924
13920
13919
13917
13916
13910
13903
13901
13901
13896
13891
13890
13885
13883
13883
13877
13873
13872
13866
13866
13865
13865
13865
13864
13864
13856
13850
13850
13836
13834
13832
13829
13829
13828
13822
13818
13815
13810
13808
13807
13806
13804
13801
13795
13794
13792
13787
13785
13781
13779
13778
13776
13774
13773
13768
13763
13761
13754
13754
13746
13746
13744
13744
13742
13738
13738
13738
13735
13730
13724
13723
13720
13719
13713
13712
13708
13700
13700
13696
13696
13694
13692
13688
13687
13686
13685
13684
13683
13680
13679
13676
13676
13673
13672
13667
13664
13657
13656
13656
13652
13646
13642
13637
13636
13631
13626
13623
13623
13618
13618
13613
13609
13609
13602
13599
13588
13584
13584
13576
13573
13573
13571
13569
13567
13565
13554
13552
13549
13547
13543
13536
13530
13528
13522
13521
13516
13515
13508
13504
13500
13496
13491
13490
13484
13483
13480
13476
13472
13471
13468
13468
13466
13459
13455
13451
13432
13430
13429
13428
13424
13420
13420
13414
13413
13413
13410
13404
13400
13392
13377
13373
13362
13359
13359
13354
13353
13351
13350
13348
13345
13332
13331
13328
13325
13325
13322
13317
13309
13304
13303
13300
13299
13299
13296
13296
13289
13280
13272
13269
13268
13266
13262
13261
13259
13248
13247
13240
13239
13235
13233
13232
13221
13215
13212
13209
13208
13200
13192
13192
13191
13185
13184
13183
13182
13181
13178
13173
13166
13165
13164
13161
13159
13156
13150
13137
13135
13124
13122
13119
13117
13116
13114
13112
13112
13112
13112
13106
13105
13101
13096
13095
13094
13084
13084
13083
13082
13082
13080
13076
13076
13075
13073
13070
13067
13067
13066
13057
13051
13051
13046
13045
13042
13024
13020
13018
13017
13016
13011
13011
13009
13008
13007
13007
12999
12997
12994
12991
12990
12990
12989
12988
12987
12986
12986
12983
12983
12982
12982
12980
12975
12973
12971
12970
12970
12970
12969
12954
12949
12947
12942
12939
12938
12937
12932
12927
12920
12918
12915
12906
12900
12899
12896
12891
12890
12873
12871
12869
12866
12862
12862
12861
12861
12860
12860
12858
12857
12854
12851
12851
12845
12843
12841
12839
12837
12835
12832
12830
12825
12824
12822
12817
12816
12814
12811
12808
12800
12794
12792
12792
12790
12789
12788
12786
12784
12782
12770
12768
12767
12766
12761
12759
12757
12753
12752
12748
12743
12741
12738
12734
12732
12731
12730
12725
12723
12721
12718
12717
12715
12708
12707
12692
12687
12684
12682
12670
12668
12668
12661
12657
12654
12652
12649
12648
12645
12645
12641
12634
12634
12631
12628
12628
12624
12622
12620
12617
12607
12606
12605
12603
12601
12600
12595
12593
12583
12576
12567
12562
12550
12548
12548
12540
12539
12536
12536
12529
12528
12525
12525
12520
12518
12513
12508
12504
12504
12503
12503
12500
12499
12490
12487
12485
12482
12481
12480
12480
12476
12475
12475
12472
12471
12470
12468
12465
12462
12459
12454
12453
12453
12441
12438
12434
12428
12427
12424
12422
12422
12419
12419
12418
12416
12410
12410
12406
12406
12404
12395
12393
12393
12383
12381
12378
12373
12371
12371
12369
12366
12362
12356
12355
12353
12352
12349
12348
12344
12344
12340
12334
12332
12331
12329
12327
12324
12324
12323
12313
12313
12311
12310
12304
12299
12298
12297
12297
12296
12296
12295
12288
12285
12284
12276
12274
12270
12267
12264
12256
12256
12255
12249
12248
12247
12241
12238
12227
12225
12222
12221
12221
12220
12219
12216
12209
12207
12206
12206
12205
12202
12197
12190
12183
12182
12182
12175
12174
12173
12172
12170
12170
12166
12165
12160
12152
12151
12137
12137
12135
12129
12125
12123
12118
12115
12112
12108
12106
12100
12099
12094
12092
12086
12083
12080
12079
12079
12076
12075
12070
12056
12049
12042
12034
12023
12023
12020
12018
12013
12007
12002
12001
11991
11990
11990
11988
11984
11984
11975
11968
11964
11957
11957
11956
11955
11954
11954
11953
11953
11950
11950
11946
11944
11940
11928
11926
11918
11916
11912
11912
11902
11891
11890
11889
11888
11888
11885
11882
11879
11876
11875
11873
11871
11868
11867
11866
11864
11864
11864
11862
11853
11851
11835
11834
11832
11831
11829
11828
11822
11814
11813
11812
11803
11802
11802
11800
11800
11796
11793
11793
11792
11790
11786
11785
11784
11784
11781
11777
11777
11772
11767
11767
11766
11760
11756
11755
11754
11753
11747
11743
11740
11734
11734
11731
11724
11720
11720
11713
11711
11707
11692
11691
11689
11686
11679
11678
11678
11677
11676
11667
11661
11658
11657
11657
11655
11652
11650
11650
11638
11635
11633
11631
11629
11626
11624
11622
11621
11621
11613
11609
11609
11599
11595
11593
11590
11590
11588
11586
11585
11579
11578
11576
11574
11571
11571
11569
11568
11566
11566
11565
11564
11551
11536
11536
11532
11530
11529
11528
11525
11520
11520
11514
11514
11513
11512
11501
11497
11495
11484
11483
11472
11470
11466
11465
11464
11462
11455
11454
11452
11447
11439
11433
11433
11432
11430
11424
11423
11418
11414
11409
11408
11407
11396
11387
11387
11385
11384
11384
11383
11379
11377
11377
11373
11368
11368
11364
11361
11360
11356
11353
11352
11351
11350
11350
11349
11346
11342
11341
11340
11338
11334
11333
11322
11321
11321
11319
11317
11316
11316
11313
11311
11306
11299
11287
11286
11286
11281
11278
11273
11260
11259
11253
11250
11250
11250
11249
11249
11247
11246
11246
11244
11242
11242
11240
11235
11234
11233
11225
11224
11223
11220
11220
11219
11214
11213
11209
11204
11204
11197
11196
11194
11190
11189
11187
11183
11182
11176
11171
11170
11169
11168
11165
11164
11164
11156
11154
11149
11149
11146
11145
11144
11143
11142
11140
11140
11134
11128
11126
11124
11121
11115
11115
11111
11110
11110
11106
11104
11094
11092
11088
11086
11083
11080
11075
11074
11070
11070
11066
11064
11059
11056
11050
11050
11049
11049
11045
11043
11039
11038
11037
11034
11033
11031
11027
11026
11025
11020
11018
11016
11014
11014
11013
10999
10986
10979
10974
10973
10971
10970
10964
10964
10963
10954
10952
10945
10942
10941
10938
10933
10927
10925
10919
10918
10915
10911
10906
10901
10901
10901
10888
10882
10877
10877
10872
10865
10862
10860
10859
10856
10844
10839
10837
10834
10834
10831
10829
10829
10827
10827
10824
10822
10817
10817
10811
10802
10800
10795
10795
10794
10792
10780
10778
10776
10775
10767
10765
10755
10751
10746
10738
10730
10729
10728
10728
10727
10726
10724
10722
10720
10717
10717
10717
10712
10710
10710
10691
10690
10683
10681
10681
10664
10660
10660
10655
10653
10651
10646
10646
10638
10635
10631
10630
10629
10629
10626
10623
10623
10614
10612
10610
10606
10598
10597
10589
10586
10586
10582
10567
10562
10553
10546
10538
10536
10530
10528
10526
10516
10511
10509
10502
10498
10494
10488
10487
10484
10484
10482
10478
10475
10475
10471
10469
10468
10467
10461
10460
10457
10457
10454
10448
10447
10447
10441
10439
10435
10434
10434
10434
10433
10431
10430
10424
10418
10414
10413
10407
10404
10402
10399
10396
10395
10392
10390
10390
10384
10378
10371
10369
10367
10365
10358
10350
10349
10346
10331
10331
10329
10324
10323
10320
10319
10316
10312
10312
10306
10292
10290
10289
10287
10286
10285
10285
10281
10281
10263
10258
10258
10254
10253
10253
10251
10251
10251
10236
10230
10225
10222
10220
10217
10215
10213
10212
10206
10205
10200
10200
10196
10192
10190
10189
10188
10188
10182
10179
10179
10171
10169
10166
10166
10164
10162
10161
10152
10151
10149
10146
10145
10144
10137
10133
10128
10123
10119
10114
10114
10112
10110
10109
10108
10106
10104
10091
10087
10082
10075
10070
10060
10060
10051
10050
10047
10045
10041
10041
10039
10037
10036
10033
10028
10027
10026
10023
10015
10012
10009
10009
10005
10003
10001
9996
9992
9991
9987
9981
9975
9975
9974
9974
9965
9962
9961
9954
9953
9951
9950
9948
9948
9937
9933
9931
9931
9931
9929
9927
9926
9925
9907
9906
9901
9898
9895
9890
9887
9881
9881
9878
9877
9874
9873
9872
9865
9854
9846
9836
9826
9825
9823
9819
9818
9814
9811
9809
9804
9802
9795
9791
9790
9789
9784
9784
9775
9771
9767
9766
9758
9743
9743
9742
9729
9728
9722
9721
9720
9712
9712
9706
9690
9690
9688
9682
9679
9676
9674
9673
9671
9669
9667
9660
9657
9655
9654
9644
9641
9639
9635
9635
9633
9631
9629
9629
9628
9625
9623
9619
9613
9603
9602
9601
9601
9596
9595
9594
9585
9576
9572
9570
9568
9561
9558
9557
9553
9550
9547
9539
9538
9538
9537
9533
9533
9520
9516
9513
9511
9507
9496
9495
9492
9485
9484
9483
9482
9479
9463
9460
9458
9457
9455
9452
9451
9445
9443
9442
9441
9437
9431
9430
9427
9423
9422
9421
9420
9420
9419
9419
9404
9402
9399
9399
9398
9397
9395
9387
9385
9378
9377
9375
9375
9373
9367
9361
9359
9351
9348
9346
9344
9336
9329
9323
9322
9320
9314
9314
9313
9308
9308
9306
9306
9305
9303
9303
9300
9291
9289
9281
9280
9277
9276
9262
9262
9251
9249
9244
9241
9236
9225
9224
9217
9216
9213
9210
9200
9199
9190
9183
9182
9182
9180
9180
9179
9179
9170
9156
9150
9148
9145
9145
9141
9139
9136
9132
9122
9115
9109
9109
9107
9107
9102
9101
9100
9097
9094
9091
9090
9089
9086
9084
9077
9073
9069
9068
9065
9059
9059
9059
9058
9054
9051
9048
9047
9042
9040
9031
9027
9023
9017
9007
9005
9004
9002
8989
8988
8975
8967
8966
8965
8963
8961
8950
8947
8934
8928
8919
8918
8917
8916
8914
8914
8906
8904
8897
8894
8890
8883
8882
8880
8877
8876
8876
8871
8870
8863
8860
8855
8852
8852
8846
8842
8827
8821
8817
8815
8808
8803
8802
8799
8796
8795
8794
8794
8793
8792
8790
8788
8784
8783
8781
8779
8777
8773
8769
8767
8766
8765
8759
8755
8754
8752
8751
8748
8748
8746
8745
8740
8738
8737
8735
8735
8734
8734
8723
8720
8719
8714
8705
8703
8686
8685
8681
8675
8673
8673
8671
8666
8657
8651
8649
8649
8644
8642
8640
8635
8633
8632
8626
8622
8622
8619
8615
8611
8607
8605
8599
8596
8593
8593
8592
8592
8589
8585
8585
8581
8579
8578
8578
8577
8576
8575
8573
8572
8569
8566
8566
8564
8564
8561
8560
8560
8557
8556
8556
8553
8551
8547
8545
8544
8543
8542
8541
8528
8521
8519
8519
8518
8512
8510
8508
8508
8503
8500
8499
8490
8488
8478
8475
8472
8471
8470
8465
8462
8457
8456
8455
8453
8452
8450
8446
8441
8436
8429
8426
8425
8415
8415
8413
8401
8398
8397
8395
8388
8379
8376
8374
8371
8371
8368
8366
8366
8363
8362
8360
8358
8358
8357
8352
8349
8347
8347
8345
8340
8337
8336
8335
8335
8323
8320
8319
8315
8314
8303
8301
8295
8293
8292
8292
8287
8285
8282
8281
8280
8279
8272
8271
8267
8267
8266
8263
8258
8258
8257
8257
8252
8251
8250
8247
8232
8232
8231
8231
8228
8224
8222
8222
8217
8213
8208
8207
8201
8199
8197
8193
8193
8186
8177
8172
8170
8168
8162
8151
8144
8136
8135
8133
8130
8127
8120
8116
8112
8105
8104
8103
8100
8097
8095
8094
8094
8093
8086
8081
8081
8077
8076
8065
8064
8062
8062
8057
8056
8047
8035
8025
8024
8022
8011
8008
8007
8001
7993
7989
7987
7987
7985
7983
7983
7983
7979
7975
7971
7969
7969
7969
7966
7963
7961
7959
7954
7954
7941
7939
7938
7938
7934
7933
7930
7929
7924
7923
7920
7917
7915
7913
7913
7911
7911
7909
7907
7901
7896
7887
7872
7872
7871
7869
7868
7867
7867
7865
7865
7865
7865
7859
7856
7855
7853
7847
7845
7834
7833
7833
7832
7828
7826
7822
7814
7814
7813
7811
7810
7801
7800
7798
7796
7781
7772
7767
7758
7758
7742
7740
7727
7727
7717
7710
7707
7706
7705
7705
7704
7704
7703
7701
7698
7697
7695
7692
7690
7687
7680
7678
7677
7674
7672
7666
7655
7647
7645
7642
7635
7629
7623
7619
7619
7616
7615
7607
7596
7588
7586
7585
7578
7575
7568
7567
7566
7564
7561
7557
7556
7555
7553
7544
7542
7542
7542
7541
7541
7537
7536
7535
7533
7532
7532
7531
7515
7505
7504
7502
7501
7499
7499
7498
7497
7495
7489
7486
7482
7477
7477
7475
7473
7473
7465
7463
7452
7439
7433
7433
7432
7429
7428
7427
7422
7419
7416
7415
7413
7410
7403
7397
7393
7389
7385
7376
7373
7371
7366
7365
7363
7363
7362
7346
7345
7344
7344
7342
7337
7334
7333
7322
7319
7313
7310
7308
7298
7295
7293
7278
7275
7272
7271
7271
7266
7264
7263
7256
7255
7247
7244
7240
7237
7236
7233
7228
7222
7210
7210
7209
7208
7197
7195
7194
7193
7192
7191
7191
7191
7190
7185
7185
7179
7172
7171
7170
7170
7169
7163
7162
7153
7153
7151
7151
7147
7146
7144
7134
7122
7116
7115
7114
7112
7109
7094
7092
7092
7090
7083
7081
7078
7076
7074
7070
7066
7063
7053
7052
7049
7042
7039
7038
7037
7034
7033
7026
7025
7024
7023
7023
7019
7014
7007
7006
7003
7002
6999
6997
6991
6990
6989
6988
6986
6982
6980
6978
6975
6973
6972
6962
6961
6960
6958
6954
6952
6952
6948
6945
6941
6932
6928
6923
6923
6922
6919
6909
6908
6907
6903
6900
6896
6895
6893
6893
6882
6880
6879
6876
6875
6871
6867
6863
6859
6858
6857
6850
6850
6843
6839
6835
6831
6830
6828
6827
6824
6823
6818
6805
6804
6801
6794
6792
6792
6788
6787
6784
6784
6783
6782
6781
6776
6774
6766
6764
6758
6753
6752
6741
6739
6737
6731
6730
6728
6727
6724
6721
6707
6706
6705
6704
6687
6685
6679
6670
6670
6666
6663
6659
6656
6654
6650
6647
6647
6643
6637
6635
6634
6631
6630
6628
6625
6625
6621
6617
6616
6612
6609
6606
6606
6602
6595
6594
6591
6590
6587
6584
6577
6575
6574
6573
6568
6562
6558
6554
6552
6551
6550
6547
6535
6530
6524
6523
6522
6522
6521
6518
6511
6510
6509
6508
6506
6505
6503
6502
6501
6501
6500
6500
6499
6490
6485
6482
6479
6469
6469
6469
6468
6465
6465
6464
6459
6458
6458
6457
6452
6450
6449
6441
6438
6436
6426
6425
6424
6422
6421
6416
6416
6412
6411
6407
6404
6401
6396
6396
6396
6395
6391
6386
6373
6371
6369
6364
6363
6363
6358
6353
6345
6343
6333
6319
6315
6311
6311
6306
6304
6299
6298
6295
6292
6290
6290
6287
6283
6280
6280
6280
6279
6274
6274
6271
6270
6261
6258
6258
6253
6251
6250
6245
6242
6241
6238
6238
6235
6234
6234
6230
6229
6228
6224
6220
6217
6217
6215
6212
6209
6206
6205
6205
6200
6199
6197
6195
6195
6193
6189
6182
6182
6179
6178
6175
6168
6164
6163
6155
6153
6151
6150
6148
6146
6143
6142
6139
6135
6133
6127
6124
6119
6119
6115
6114
6109
6102
6100
6100
6099
6095
6093
6089
6079
6078
6077
6072
6068
6064
6057
6057
6057
6051
6050
6049
6047
6041
6035
6032
6020
6010
6003
6003
5992
5990
5988
5988
5987
5987
5987
5986
5969
5965
5964
5957
5943
5939
5935
5928
5927
5927
5925
5925
5925
5924
5922
5921
5917
5913
5908
5901
5891
5885
5885
5878
5878
5877
5877
5876
5872
5871
5870
5867
5861
5857
5857
5854
5853
5853
5847
5845
5837
5835
5824
5818
5816
5814
5814
5813
5807
5802
5797
5794
5794
5792
5785
5776
5774
5773
5773
5772
5771
5767
5766
5764
5759
5757
5757
5752
5750
5747
5736
5735
5733
5732
5731
5728
5726
5725
5724
5721
5719
5717
5713
5713
5699
5693
5687
5687
5686
5685
5685
5679
5678
5675
5669
5668
5661
5660
5660
5656
5650
5650
5645
5644
5639
5637
5634
5630
5629
5628
5625
5623
5623
5621
5620
5620
5618
5617
5613
5603
5599
5597
5591
5590
5583
5583
5582
5574
5550
5549
5545
5540
5539
5539
5534
5530
5528
5527
5522
5521
5520
5519
5516
5514
5514
5513
5512
5509
5505
5501
5500
5494
5493
5491
5490
5490
5488
5488
5487
5472
5469
5463
5462
5460
5460
5455
5451
5449
5448
5446
5443
5442
5436
5435
5431
5429
5419
5415
5406
5404
5402
5389
5388
5387
5386
5382
5379
5379
5378
5378
5378
5376
5374
5373
5367
5364
5356
5355
5353
5351
5347
5345
5339
5335
5333
5330
5329
5325
5325
5323
5322
5317
5307
5306
5304
5301
5300
5294
5293
5293
5292
5291
5289
5287
5285
5276
5276
5272
5265
5265
5254
5251
5250
5249
5247
5242
5231
5228
5218
5218
5215
5213
5211
5210
5201
5196
5188
5186
5184
5172
5168
5163
5159
5158
5155
5148
5146
5145
5144
5142
5135
5132
5130
5122
5119
5116
5115
5113
5110
5108
5107
5106
5104
5104
5102
5100
5100
5100
5100
5092
5092
5082
5079
5079
5073
5069
5065
5063
5060
5060
5054
5043
5043
5042
5038
5030
5029
5023
5023
5021
5018
5009
5004
4995
4995
4993
4992
4991
4991
4990
4978
4969
4968
4966
4966
4965
4964
4963
4953
4943
4941
4938
4937
4936
4936
4935
4933
4933
4930
4925
4925
4917
4907
4905
4901
4899
4897
4892
4891
4885
4869
4865
4864
4863
4862
4860
4843
4842
4839
4839
4835
4835
4831
4827
4826
4824
4823
4821
4819
4816
4806
4806
4804
4804
4791
4788
4786
4782
4782
4777
4771
4771
4771
4770
4769
4768
4766
4761
4757
4754
4745
4743
4737
4736
4735
4734
4726
4723
4720
4720
4718
4715
4712
4711
4709
4703
4700
4694
4692
4688
4682
4681
4680
4678
4675
4675
4674
4672
4671
4670
4665
4660
4660
4659
4659
4658
4657
4655
4655
4655
4654
4642
4641
4638
4637
4622
4619
4614
4612
4611
4609
4601
4599
4598
4596
4595
4593
4586
4582
4580
4579
4578
4573
4573
4566
4564
4564
4563
4562
4559
4555
4555
4553
4552
4545
4540
4538
4538
4536
4533
4532
4532
4531
4525
4523
4519
4516
4507
4506
4506
4500
4495
4491
4490
4488
4488
4485
4479
4475
4474
4471
4470
4470
4470
4465
4464
4464
4459
4456
4454
4453
4452
4451
4448
4442
4442
4439
4435
4428
4417
4408
4399
4399
4398
4398
4395
4391
4389
4383
4381
4380
4379
4374
4372
4369
4359
4358
4348
4345
4340
4339
4338
4337
4337
4334
4323
4315
4310
4306
4305
4304
4304
4301
4296
4296
4294
4286
4285
4281
4280
4279
4277
4277
4271
4268
4268
4267
4258
4256
4255
4253
4248
4246
4233
4230
4227
4222
4221
4213
4211
4210
4206
4203
4201
4200
4198
4197
4189
4187
4187
4186
4183
4183
4181
4179
4177
4175
4173
4166
4163
4161
4161
4160
4155
4154
4152
4137
4134
4133
4121
4119
4116
4113
4102
4101
4101
4092
4090
4088
4086
4085
4085
4075
4073
4071
4071
4065
4063
4053
4050
4049
4041
4034
4032
4023
4021
4016
4008
4006
4003
4001
4000
3986
3986
3983
3982
3972
3963
3956
3954
3951
3948
3946
3944
3942
3940
3939
3926
3924
3924
3924
3922
3921
3921
3917
3916
3916
3913
3911
3911
3905
3904
3900
3894
3892
3873
3872
3872
3871
3871
3869
3864
3861
3859
3855
3850
3849
3847
3838
3824
3823
3818
3817
3814
3812
3811
3810
3801
3784
3782
3769
3766
3765
3764
3761
3758
3748
3747
3746
3738
3738
3732
3724
3720
3711
3708
3708
3702
3696
3696
3696
3694
3693
3692
3692
3692
3678
3677
3676
3674
3672
3666
3666
3660
3658
3656
3650
3646
3641
3634
3625
3624
3618
3616
3614
3612
3611
3605
3605
3599
3598
3594
3592
3588
3581
3576
3572
3569
3557
3556
3547
3545
3531
3523
3510
3503
3503
3499
3497
3494
3489
3488
3484
3481
3481
3478
3466
3463
3463
3459
3458
3455
3453
3450
3448
3447
3447
3447
3442
3441
3436
3431
3427
3426
3424
3424
3418
3416
3404
3403
3402
3394
3390
3385
3380
3366
3366
3362
3359
3358
3354
3350
3345
3344
3343
3333
3330
3328
3326
3320
3319
3318
3315
3314
3311
3310
3309
3308
3303
3300
3300
3291
3288
3288
3282
3277
3276
3275
3275
3268
3262
3260
3259
3253
3253
3249
3245
3237
3232
3227
3226
3225
3225
3225
3224
3223
3218
3218
3217
3215
3209
3194
3193
3192
3186
3182
3177
3176
3167
3164
3163
3151
3150
3150
3148
3148
3148
3145
3144
3141
3136
3135
3130
3121
3121
3121
3118
3112
3109
3108
3103
3103
3102
3096
3093
3093
3091
3088
3085
3082
3077
3075
3074
3065
3062
3061
3061
3060
3055
3054
3052
3046
3044
3044
3041
3026
3015
3013
3008
3007
3005
3005
3001
2997
2997
2992
2991
2981
2981
2980
2980
2979
2978
2977
2977
2975
2967
2965
2964
2962
2959
2959
2957
2956
2956
2953
2949
2949
2945
2940
2936
2936
2935
2930
2929
2929
2928
2919
2902
2899
2897
2895
2893
2893
2889
2883
2883
2882
2880
2865
2857
2857
2851
2848
2847
2847
2845
2839
2830
2819
2818
2816
2815
2813
2813
2810
2810
2810
2809
2798
2797
2794
2785
2783
2779
2775
2775
2766
2761
2760
2752
2750
2735
2730
2724
2723
2722
2718
2717
2716
2713
2711
2710
2707
2701
2699
2698
2698
2697
2695
2691
2684
2684
2682
2679
2678
2670
2669
2666
2662
2661
2656
2656
2652
2648
2642
2641
2639
2638
2634
2629
2628
2624
2622
2622
2620
2619
2617
2606
2605
2603
2600
2598
2595
2594
2594
2593
2592
2575
2569
2565
2562
2561
2558
2547
2546
2544
2539
2535
2528
2527
2521
2518
2517
2508
2507
2504
2499
2498
2495
2494
2487
2483
2470
2468
2466
2464
2458
2457
2455
2453
2452
2447
2445
2441
2441
2439
2435
2432
2430
2423
2423
2422
2420
2419
2418
2416
2412
2407
2402
2401
2398
2395
2394
2388
2385
2385
2385
2382
2382
2380
2376
2372
2367
2361
2361
2361
2355
2352
2347
2347
2347
2347
2343
2340
2339
2332
2330
2330
2317
2317
2314
2309
2306
2305
2304
2302
2302
2301
2300
2296
2296
2293
2289
2289
2288
2288
2285
2284
2277
2263
2260
2259
2258
2257
2252
2248
2246
2219
2218
2216
2207
2205
2205
2204
2202
2200
2199
2196
2195
2194
2194
2193
2193
2192
2188
2187
2186
2181
2181
2174
2171
2155
2154
2153
2153
2148
2147
2145
2143
2143
2136
2134
2133
2132
2130
2116
2112
2107
2105
2102
2102
2102
2101
2100
2097
2091
2085
2085
2079
2073
2071
2071
2065
2064
2053
2050
2048
2042
2039
2036
2036
2032
2032
2024
2021
2017
2013
2011
1998
1995
1993
1992
1989
1985
1977
1976
1972
1968
1967
1964
1958
1947
1946
1940
1940
1930
1924
1914
1913
1912
1909
1900
1899
1894
1886
1881
1879
1879
1878
1878
1875
1874
1873
1867
1865
1863
1849
1843
1843
1841
1839
1836
1834
1833
1830
1829
1820
1820
1819
1816
1815
1810
1808
1806
1802
1798
1794
1792
1792
1781
1777
1776
1775
1772
1761
1759
1758
1742
1741
1732
1731
1729
1727
1727
1723
1723
1719
1716
1714
1710
1703
1703
1703
1690
1690
1689
1688
1688
1685
1683
1682
1680
1679
1679
1677
1674
1668
1663
1657
1652
1652
1644
1642
1637
1631
1631
1627
1624
1623
1622
1618
1618
1617
1614
1613
1612
1609
1608
1602
1602
1602
1601
1598
1591
1589
1589
1581
1581
1581
1577
1577
1574
1572
1571
1571
1569
1568
1567
1560
1548
1547
1547
1545
1542
1542
1539
1534
1529
1526
1522
1518
1516
1515
1514
1513
1510
1504
1503
1503
1495
1492
1491
1489
1479
1472
1471
1466
1465
1464
1461
1461
1459
1451
1448
1447
1435
1433
1433
1430
1429
1426
1420
1419
1419
1406
1392
1391
1389
1383
1383
1369
1368
1362
1361
1359
1357
1352
1351
1349
1341
1341
1340
1332
1316
1316
1307
1298
1296
1292
1286
1284
1281
1280
1277
1270
1269
1269
1268
1266
1265
1264
1261
1246
1242
1239
1237
1236
1235
1234
1228
1227
1224
1221
1220
1220
1218
1217
1215
1209
1207
1200
1198
1197
1197
1190
1188
1184
1183
1175
1174
1170
1168
1166
1165
1164
1152
1151
1148
1147
1145
1139
1138
1137
1135
1132
1124
1121
1121
1120
1119
1118
1117
1103
1101
1077
1076
1071
1068
1065
1065
1063
1061
1060
1060
1059
1055
1055
1055
1041
1034
1034
1022
1022
1022
1019
1016
1011
1006
1003
999
998
997
993
991
971
965
962
956
956
948
942
942
940
938
936
934
927
927
919
919
915
913
913
902
901
889
887
886
882
877
874
874
872
870
869
866
862
860
854
854
853
850
848
846
846
841
841
840
840
839
835
829
816
814
813
812
802
797
796
796
791
791
789
787
784
783
783
779
777
777
772
765
761
759
753
752
751
750
749
735
733
731
729
726
723
719
718
716
715
714
713
706
699
695
692
692
691
688
688
687
685
685
678
676
675
672
665
657
657
655
653
651
650
650
649
649
649
638
634
633
633
626
624
621
616
614
610
607
598
598
598
596
588
575
567
565
561
558
557
550
550
550
545
542
539
536
533
529
523
520
516
516
515
514
513
513
512
511
509
506
505
504
503
502
496
493
490
486
460
457
457
451
447
445
442
436
432
428
414
414
413
413
407
405
398
395
393
391
387
383
380
379
375
375
371
367
365
364
362
359
357
357
356
351
349
347
346
343
338
338
335
335
333
331
330
330
329
321
319
317
314
314
307
305
300
299
296
296
296
291
287
287
287
286
282
278
277
277
275
272
268
268
266
263
259
258
254
252
250
249
246
245
245
229
227
223
221
220
192
183
182
180
179
178
167
165
160
159
158
157
156
150
149
147
144
142
141
140
134
132
131
124
120
119
117
117
113
111
111
104
97
97
90
89
88
81
78
71
70
69
66
61
59
56
51
48
47
44
39
29
26
25
24
18
14
12
7
7
4
4
3
2
2
0
-2
-3
-3
-19
-21
-21
-22
-26
-27
-27
-28
-29
-34
-34
-36
-37
-38
-39
-50
-50
-51
-53
-53
-55
-60
-61
-66
-67
-69
-72
-76
-79
-88
-88
-94
-103
-104
-106
-110
-112
-114
-118
-124
-132
-142
-142
-144
-155
-156
-157
-158
-159
-159
-162
-162
-165
-174
-179
-182
-183
-184
-185
-189
-190
-191
-193
-196
-196
-197
-199
-205
-205
-206
-207
-216
-226
-228
-228
-232
-233
-234
-235
-241
-244
-246
-254
-255
-255
-262
-263
-264
-276
-279
-281
-289
-290
-291
-293
-293
-295
-301
-305
-317
-320
-336
-342
-343
-346
-352
-356
-363
-365
-366
-373
-374
-375
-381
-382
-383
-383
-394
-395
-398
-399
-403
-406
-408
-411
-415
-423
-428
-429
-433
-441
-442
-445
-448
-454
-463
-470
-471
-471
-472
-474
-479
-481
-486
-487
-488
-492
-494
-494
-495
-497
-500
-500
-501
-503
-510
-511
-511
-513
-513
-515
-515
-521
-523
-525
-527
-540
-540
-546
-546
-549
-553
-555
-556
-558
-564
-572
-584
-584
-586
-589
-591
-593
-596
-605
-608
-620
-620
-629
-633
-638
-638
-639
-643
-647
-648
-654
-658
-660
-665
-672
-680
-686
-690
-691
-692
-693
-693
-699
-705
-714
-714
-717
-725
-732
-733
-734
-740
-741
-744
-744
-748
-749
-753
-759
-760
-765
-766
-771
-772
-774
-777
-786
-788
-789
-793
-793
-802
-806
-807
-813
-822
-827
-835
-835
-839
-840
-840
-842
-845
-848
-858
-861
-868
-869
-873
-873
-876
-881
-884
-891
-898
-904
-909
-910
-911
-912
-921
-924
-932
-932
-936
-937
-939
-939
-942
-944
-947
-955
-956
-965
-972
-983
-985
-991
-1000
-1000
