31763
31733
31581
31520
31277
30971
30776
30721
30476
30451
30305
29905
29719
29514
29362
29166
28545
28252
28114
27547
27443
27398
27340
27169
26796
26277
25718
24939
24422
24203
23346
22995
22802
22716
22599
21181
20951
20331
19822
18978
18367
18357
18156
18137
17931
17609
17400
17292
17273
16551
16229
16135
16070
15948
15895
15554
15359
15117
13579
13529
13125
12535
12280
11803
11618
10988
10375
9948
9921
9713
9281
8366
8339
8326
8222
8053
7866
7282
7033
6947
6348
5555
4881
4331
3854
3540
3331
3124
2751
2109
1678
1103
746
652
594
592
-200
-366
-849
-882
