31736
31730
31657
31622
31592
31583
31554
31520
31513
31464
31459
31367
31344
31330
31297
31266
31237
31178
31152
31144
31135
31114
31052
31019
30994
30974
30971
30965
30911
30900
30763
30751
30725
30648
30609
30481
30387
30369
30326
30257
30239
30204
30172
30120
30067
30048
30046
30031
30002
29955
29911
29892
29862
29855
29785
29767
29752
29710
29689
29534
29512
29466
29439
29209
29184
29178
29084
29077
29047
29036
29024
28985
28967
28958
28905
28882
28872
28844
28754
28752
28747
28672
28631
28591
28444
28412
28348
28297
28234
28172
28102
28081
28077
28053
28049
28020
28000
27970
27934
27933
27842
27837
27833
27718
27713
27700
27689
27685
27667
27662
27648
27643
27628
27626
27545
27529
27519
27519
27508
27447
27434
27424
27237
27237
27204
27200
27165
27160
27052
27036
27031
27000
26998
26986
26958
26952
26938
26918
26914
26807
26781
26702
26668
26661
26561
26526
26523
26496
26437
26387
26360
26342
26285
26280
26240
26226
26221
26214
26182
26103
26100
26072
26065
26036
26023
26021
25933
25885
25875
25868
25830
25812
25811
25809
25786
25766
25763
25748
25731
25728
25728
25677
25654
25652
25612
25586
25569
25487
25461
25394
25341
25332
25269
25258
25162
25114
25109
25035
24953
24952
24948
24819
24789
24768
24746
24727
24723
24627
24609
24578
24577
24558
24512
24497
24412
24381
24364
24295
24200
24194
24159
24146
24082
24078
24073
24065
24056
24051
24012
23971
23958
23907
23898
23888
23851
23821
23806
23775
23750
23736
23728
23679
23653
23637
23578
23578
23521
23521
23502
23494
23479
23469
23458
23370
23364
23337
23331
23330
23290
23071
23054
22955
22935
22930
22905
22900
22882
22857
22821
22773
22761
22682
22665
22627
22600
22582
22475
22451
22446
22443
22430
22427
22336
22285
22274
22254
22193
22192
22186
22157
22157
22123
22110
22104
22011
22009
21999
21991
21991
21976
21927
21919
21905
21827
21815
21787
21777
21733
21728
21619
21615
21604
21579
21542
21525
21521
21422
21415
21349
21347
21313
21312
21253
21147
21111
21110
21085
21058
21005
21004
20914
20904
20902
20901
20880
20875
20793
20788
20787
20767
20761
20658
20596
20581
20575
20544
20540
20488
20485
20474
20401
20394
20383
20250
20155
20144
20127
20087
20068
20000
19988
19942
19892
19847
19833
19832
19818
19782
19776
19768
19767
19648
19634
19605
19572
19543
19474
19409
19406
19377
19360
19322
19293
19276
19230
19219
19183
19075
19071
19071
18995
18993
18990
18986
18972
18949
18924
18893
18863
18820
18810
18793
18784
18735
18726
18718
18708
18645
18624
18588
18522
18519
18470
18439
18395
18383
18334
18299
18271
18270
18232
18147
18143
18085
18022
17929
17901
17856
17790
17781
17771
17750
17746
17736
17677
17663
17657
17596
17583
17549
17511
17492
17459
17440
17430
17411
17407
17403
17392
17364
17354
17336
17259
17257
17251
17227
17198
17156
17142
17105
17084
17078
17034
17032
16942
16793
16763
16749
16677
16586
16570
16561
16533
16532
16504
16444
16388
16380
16365
16320
16259
16254
16187
16164
16134
16099
16096
16094
16089
16062
16006
15978
15946
15908
15853
15848
15844
15838
15818
15801
15799
15776
15741
15739
15708
15658
15657
15642
15572
15557
15552
15546
15525
15523
15515
15445
15430
15396
15370
15282
15224
15189
15057
15055
15049
15006
14999
14980
14964
14929
14924
14853
14837
14787
14786
14703
14690
14686
14674
14666
14642
14631
14626
14590
14578
14576
14493
14471
14387
14350
14348
14259
14240
14209
14058
14056
13989
13905
13901
13888
13830
13774
13766
13763
13725
13707
13671
13667
13647
13613
13569
13500
13490
13479
13439
13385
13385
13254
13161
13036
12946
12865
12837
12799
12672
12619
12552
12529
12477
12430
12408
12367
12360
12340
12315
12288
12270
12265
12264
12231
12205
12157
12144
12124
12120
12111
12040
12040
11931
11912
11885
11874
11787
11784
11771
11737
11715
11685
11650
11647
11608
11606
11575
11533
11522
11500
11475
11458
11418
11395
11387
11358
11355
11351
11297
11281
11261
11220
11200
11184
11184
11168
11112
11105
11054
11043
10944
10916
10911
10909
10888
10834
10827
10819
10796
10724
10686
10651
10578
10528
10525
10510
10499
10411
10389
10364
10353
10339
10303
10118
10110
10075
10070
10048
10029
9997
9983
9955
9885
9848
9799
9766
9671
9586
9569
9540
9526
9518
9455
9426
9411
9373
9251
9201
9148
9096
9039
9029
9025
8974
8925
8880
8793
8783
8782
8781
8757
8756
8755
8745
8720
8701
8693
8685
8684
8682
8655
8639
8634
8627
8601
8523
8510
8486
8470
8457
8450
8338
8332
8306
8298
8284
8256
8241
8201
8197
8161
8117
8092
7984
7974
7965
7947
7922
7921
7897
7874
7863
7854
7825
7816
7748
7722
7664
7609
7604
7589
7581
7578
7557
7465
7452
7384
7301
7221
7214
7184
7138
7095
7089
7079
7027
7020
6961
6939
6931
6924
6733
6719
6714
6687
6663
6654
6645
6641
6635
6569
6502
6498
6437
6414
6396
6352
6352
6206
6136
6136
6131
6126
6126
6071
6057
6012
5991
5952
5942
5929
5863
5755
5742
5731
5725
5663
5599
5510
5494
5393
5368
5320
5313
5219
5153
5151
5104
5038
4983
4943
4901
4880
4857
4761
4743
4695
4661
4658
4612
4573
4572
4568
4548
4527
4477
4451
4442
4279
4261
4214
4173
4149
4144
4136
4125
4116
4050
4022
3953
3953
3932
3877
3775
3774
3727
3724
3518
3404
3388
3317
3267
3213
3193
3191
3085
3067
3053
3047
3031
3015
3009
2964
2941
2923
2909
2750
2729
2620
2618
2614
2565
2543
2526
2498
2497
2486
2463
2418
2373
2337
2308
2304
2302
2263
2261
2259
2256
2204
2168
2166
2160
2158
2143
2078
2055
2014
2010
2008
1969
1942
1858
1823
1784
1776
1723
1672
1645
1644
1600
1588
1562
1530
1516
1494
1456
1454
1375
1315
1293
1253
1238
1238
1196
1190
1147
1105
1034
1007
967
956
897
869
827
800
799
765
677
578
545
527
522
475
454
446
424
422
395
379
198
173
-6
-20
-32
-37
-65
-127
-154
-211
-228
-275
-320
-324
-385
-397
-399
-439
-455
-458
-473
-590
-665
-675
-727
-785
-864
-880
-903
-914
-976
-978
-985
-990
-991
