-9999954
-9999954
-9999950
-9999939
-9999918
-9999873
-9999871
-9999863
-9999847
-9999825
-9982632
-9999787
-9999704
-9999642
-9999618
-9999593
-9999552
-9999503
-9992637
-9999426
-9999426
-9999312
-9999182
-9999159
-9999105
-9999095
-9974076
-9999048
-9999034
-9999027
-9999009
-9998888
-9998860
-9986232
-9998722
-9998655
-9998648
-9998587
-9998508
-9998409
-9998393
-9995449
-9982209
-9998288
-9998271
-9998271
-9998189
-9998185
-9989835
-9998011
-9997962
-9997931
-9988294
-9997885
-9997838
-9997787
-9997736
-9997678
-9997639
-9997618
-9997584
-9997531
-9997479
-9979427
-9997406
-9997387
-9997241
-9997157
-9997154
-9997082
-9997054
-9997007
-9996997
-9996973
-9996911
-9996881
-9996876
-9996875
-9996847
-9996846
-9996794
-9996791
-9996791
-9996750
-9996709
-9996596
-9996596
-9996589
-9996549
-9977391
-9996471
-9996429
-9995481
-9996411
-9996363
-9996345
-9996280
-9996278
-9996207
-9996205
-9996198
-9996186
-9996163
-9996080
-9996046
-9996009
-9996007
-9996002
-9995932
-9995874
-9995862
-9995861
-9995830
-9995736
-9995734
-9995720
-9990635
-9995680
-9973582
-9995658
-9995652
-9995642
-9995638
-9995570
-9995558
-9995514
-9995514
-9995496
-9995484
-9995482
-9996418
-9995473
-9986436
-9995379
-9995361
-9995325
-9978615
-9995270
-9988422
-9995256
-9995246
-9970518
-9995133
-9995102
-9995080
-9995031
-9994884
-9994822
-9994797
-9994779
-9994744
-9971134
-9994696
-9994661
-9994619
-9994602
-9994577
-9994551
-9994547
-9994541
-9994526
-9994506
-9994501
-9994486
-9994449
-9994428
-9994364
-9979600
-9994221
-9994196
-9990879
-9994096
-9994016
-9993975
-9993964
-9993947
-9993925
-9993839
-9993780
-9993664
-9993642
-9993586
-9975564
-9993524
-9993488
-9993484
-9993431
-9993377
-9993355
-9993324
-9993277
-9993273
-9993264
-9987639
-9968958
-9993223
-9993190
-9993170
-9993157
-9993125
-9976825
-9993113
-9988884
-9993094
-9993056
-9993054
-9993042
-9988340
-9967516
-9992935
-9992924
-9992864
-9992824
-9992761
-9992745
-9992671
-9992670
-9992669
-9999473
-9992577
-9992556
-9992494
-9983248
-9992391
-9992387
-9967461
-9992333
-9992235
-9992201
-9992201
-9992193
-9992153
-9992147
-9992146
-9967290
-9989543
-9992034
-9992014
-9991989
-9991988
-9976225
-9991925
-9991856
-9991817
-9991804
-9984639
-9991762
-9987289
-9991700
-9991613
-9982922
-9985369
-9991423
-9991410
-9991346
-9969009
-9991302
-9967263
-9991201
-9991151
-9982588
-9991147
-9991122
-9991113
-9991083
-9991034
-9991023
-9991021
-9990989
-9990899
-9994119
-9990836
-9990833
-9990807
-9990758
-9990756
-9990724
-9990720
-9995681
-9990626
-9990566
-9990559
-9990491
-9990472
-9969613
-9990445
-9990442
-9990386
-9990370
-9990296
-9990267
-9984280
-9990188
-9990083
-9990061
-9990056
-9989985
-9989950
-9989947
-9989836
-9998070
-9989786
-9989567
-9985449
-9989543
-9992051
-9989514
-9989512
-9989416
-9989365
-9989343
-9989338
-9989310
-9989236
-9989215
-9989187
-9971947
-9989172
-9989158
-9989140
-9989082
-9989079
-9978399
-9989011
-9993097
-9988882
-9988861
-9988724
-9988668
-9988630
-9991717
-9989553
-9975221
-9985197
-9988422
-9988373
-9988370
-9988357
-9988357
-9992950
-9988337
-9988317
-9988305
-9988305
-9997901
-9988291
-9988274
-9988263
-9988260
-9983499
-9988195
-9988186
-9988117
-9988116
-9967644
-9988093
-9988093
-9988033
-9988028
-9987966
-9987966
-9987944
-9987928
-9987909
-9987897
-9987879
-9986162
-9979546
-9987845
-9987845
-9987795
-9987792
-9968595
-9987733
-9987694
-9987673
-9993240
-9987567
-9987456
-9974896
-9987305
-9987299
-9987297
-9987296
-9987291
-9988608
-9987261
-9987209
-9987184
-9967569
-9987162
-9987096
-9987079
-9987079
-9987005
-9986984
-9986830
-9986829
-9986816
-9986788
-9986737
-9986732
-9986659
-9986613
-9968686
-9986581
-9986564
-9986506
-9986490
-9986471
-9986441
-9998321
-9986421
-9984321
-9987866
-9998776
-9986175
-9969114
-9985962
-9986064
-9986063
-9985996
-9986105
-9968725
-9985830
-9985807
-9985789
-9985717
-9985713
-9985710
-9985703
-9985669
-9985663
-9985635
-9985604
-9985594
-9981120
-9985515
-9985486
-9982901
-9985428
-9985412
-9985400
-9991542
-9985350
-9985314
-9985275
-9995257
-9985166
-9984454
-9985123
-9984977
-9984946
-9984932
-9984915
-9984898
-9984898
-9984889
-9984879
-9984872
-9984839
-9984792
-9984742
-9992357
-9984705
-9984700
-9984682
-9991797
-9984622
-9984605
-9984597
-9984593
-9984570
-9984567
-9984529
-9984491
-9985125
-9984430
-9986387
-9990231
-9984231
-9984191
-9984178
-9976101
-9984093
-9984052
-9984014
-9983992
-9983984
-9983961
-9982191
-9983857
-9983825
-9983753
-9983709
-9977937
-9983668
-9983648
-9983648
-9983630
-9983630
-9983596
-9983559
-9983546
-9976552
-9983510
-9983507
-9988249
-9983490
-9983429
-9983427
-9983417
-9983414
-9983345
-9983331
-9983304
-9983268
-9992470
-9983138
-9983135
-9983128
-9983090
-9983075
-9983070
-9983065
-9982951
-9991567
-9981961
-9987779
-9982818
-9990464
-9982814
-9968163
-9982750
-9982664
-9982643
-9999791
-9982609
-9991149
-9982508
-9982483
-9982416
-9980554
-9982333
-9982313
-9982312
-9982310
-9982301
-9982300
-9980313
-9998300
-9983867
-9982189
-9982174
-9982173
-9987450
-9982100
-9981978
-9981977
-9982922
-9981936
-9981931
-9981889
-9981872
-9981655
-9981653
-9981635
-9981610
-9981606
-9981588
-9981534
-9981520
-9981517
-9981507
-9981484
-9981461
-9981459
-9981426
-9981381
-9981313
-9981263
-9994702
-9981237
-9981226
-9981162
-9985544
-9981083
-9981020
-9973852
-9980974
-9980969
-9980937
-9980923
-9980921
-9980916
-9973630
-9980806
-9980762
-9980632
-9980629
-9975271
-9974007
-9982408
-9980456
-9980407
-9980364
-9980328
-9980327
-9980317
-9978234
-9980308
-9980239
-9980235
-9980193
-9980055
-9980051
-9979985
-9979980
-9979937
-9979839
-9979834
-9979715
-9979694
-9979659
-9979640
-9994231
-9979583
-9979582
-9979576
-9986377
-9979517
-9979512
-9997431
-9979416
-9976150
-9979357
-9979315
-9979314
-9979313
-9979284
-9979275
-9979253
-9979249
-9979239
-9979225
-9979163
-9979148
-9979117
-9979085
-9979039
-9979027
-9979019
-9979011
-9978895
-9978863
-9978849
-9978788
-9978731
-9978711
-9978694
-9978674
-9978624
-9995271
-9978551
-9978518
-9978489
-9989022
-9978261
-9982287
-9978234
-9973929
-9978202
-9978196
-9978164
-9978156
-9978096
-9978037
-9973784
-9974317
-9977993
-9983700
-9977909
-9977848
-9977845
-9977661
-9977756
-9977663
-9977766
-9977584
-9977504
-9977462
-9996506
-9977335
-9977300
-9977264
-9977253
-9977192
-9977182
-9977064
-9977047
-9977023
-9978035
-9976954
-9976895
-9976856
-9976848
-9976831
-9993115
-9976760
-9968494
-9976749
-9976739
-9976731
-9976699
-9976677
-9976576
-9983511
-9976516
-9976503
-9976498
-9976441
-9976368
-9976366
-9991947
-9976225
-9976190
-9979410
-9984127
-9976087
-9976065
-9975984
-9975948
-9987869
-9975896
-9975838
-9975808
-9975803
-9975793
-9975742
-9975733
-9975689
-9975688
-9991317
-9993577
-9975544
-9975542
-9975512
-9975466
-9975458
-9975450
-9975439
-9975300
-9975280
-9967415
-9975233
-9988469
-9975183
-9975176
-9975140
-9975106
-9975102
-9975078
-9974994
-9974972
-9974928
-9974899
-9967757
-9974855
-9974806
-9974729
-9974727
-9974711
-9974709
-9974522
-9974350
-9974328
-9977994
-9974303
-9974294
-9974283
-9974276
-9974256
-9974244
-9974213
-9974209
-9974196
-9974182
-9974096
-9974086
-9999060
-9974062
-9980622
-9978233
-9973913
-9973912
-9973906
-9973856
-9981005
-9973833
-9973814
-9976979
-9973763
-9973746
-9973693
-9973682
-9980910
-9973587
-9995680
-9973573
-9973528
-9973504
-9969169
-9973466
-9973420
-9973403
-9973389
-9973353
-9973348
-9973209
-9973195
-9973154
-9973145
-9973129
-9973113
-9973022
-9972923
-9972907
-9972827
-9972808
-9972738
-9972720
-9972686
-9972571
-9972568
-9972461
-9972452
-9972430
-9972423
-9972377
-9972320
-9972284
-9972168
-9972160
-9972144
-9972138
-9972133
-9972100
-9972058
-9972042
-9972037
-9972029
-9971966
-9971961
-9982150
-9971939
-9971923
-9971849
-9971759
-9971752
-9969481
-9971669
-9971602
-9971547
-9969490
-9989179
-9971385
-9971381
-9971373
-9971345
-9971329
-9986591
-9971155
-9981240
-9971111
-9971110
-9971104
-9971071
-9971041
-9970997
-9970980
-9970978
-9970964
-9970943
-9970925
-9970915
-9970909
-9970880
-9970857
-9970815
-9970764
-9970760
-9970746
-9970688
-9970522
-9995211
-9970452
-9970429
-9970428
-9970373
-9970328
-9970312
-9970284
-9970268
-9970230
-9970171
-9970154
-9970080
-9970033
-9970030
-9970010
-9969990
-9969978
-9969941
-9969868
-9969842
-9969763
-9969731
-9969659
-9982818
-9969580
-9969570
-9969547
-9971469
-9971730
-9969456
-9969446
-9969428
-9969338
-9969268
-9969245
-9969196
-9969177
-9973474
-9975900
-9969075
-9969056
-9969019
-9975581
-9968971
-9968963
-9993225
-9968955
-9968942
-9968939
-9968801
-9968773
-9968748
-9968740
-9985844
-9968708
-9971192
-9968670
-9988538
-9968573
-9968563
-9968559
-9968545
-9968509
-9968501
-9968501
-9976755
-9968466
-9968451
-9968432
-9968411
-9968357
-9968347
-9968301
-9968255
-9968254
-9968229
-9968202
-9968164
-9971406
-9968120
-9968061
-9968057
-9968016
-9967935
-9967887
-9967802
-9982777
-9967707
-9988112
-9967635
-9967629
-9967576
-9967572
-9987182
-9992942
-9967496
-9984725
-9967445
-9980628
-9967387
-9967372
-9967361
-9967358
-9992125
-9991201
