6821
3
7
27510
9
13
13
20489
20
23
24
27
27
5323
29
34
3978
39
16460
54
56
64
64
68
74
76
80
81
92
100
105
31560
27667
114
117
1266
119
121
133
140
141
144
144
149
149
150
151
158
162
164
168
173
177
183
186
187
3008
194
195
201
203
204
207
208
212
212
25062
220
220
222
238
18078
241
242
27313
244
244
32094
246
247
247
258
260
260
263
263
267
269
274
275
276
284
285
287
288
295
295
29695
300
300
300
20585
303
28737
310
314
316
316
323
24946
325
28728
329
329
339
344
349
28003
359
362
365
3530
377
381
388
392
393
404
408
409
411
414
415
425
18746
433
435
9521
442
21857
446
452
453
456
461
461
463
465
28516
26909
471
30281
480
484
485
493
495
502
513
8112
519
522
16846
526
18439
530
531
533
534
3160
540
541
547
29909
556
26898
564
565
567
570
572
575
579
9829
584
5265
589
589
594
594
598
599
601
608
21560
613
618
13841
625
627
13702
637
639
644
644
668
668
683
15494
21684
17866
690
690
697
713
715
716
718
723
724
724
5639
725
728
12944
22728
734
737
739
742
13804
745
747
751
753
755
760
763
7042
771
774
774
777
781
785
786
788
791
792
5280
796
796
804
810
811
7624
820
821
19726
824
831
835
835
842
30776
847
848
849
854
854
3493
863
12507
866
868
26294
872
880
884
886
888
8613
897
900
909
912
919
919
925
927
931
937
937
940
942
943
948
952
958
959
964
964
31413
965
967
976
977
988
990
996
19929
1006
1008
17588
1009
1011
1011
1011
16106
1115
1031
730
10182
1045
1054
1054
1057
1057
1060
1062
1066
5431
1069
6988
1072
1079
1083
1086
1086
26482
32548
1091
1092
1096
1101
1101
22637
1106
1111
1111
1112
28351
1027
1119
1123
1127
1128
1129
30386
2622
1136
29
1141
1143
1144
1145
1148
1152
1153
15501
1174
1175
1176
1177
1178
1179
1185
1186
1189
11360
1195
1201
1203
1204
1204
14358
1207
1210
17693
1211
19053
3392
1221
1233
2941
1234
1965
1236
1238
1242
1242
1246
1247
1255
31577
1582
119
1268
1272
1275
1279
6248
1281
1283
10011
1291
1292
1296
1296
1296
1304
1305
1309
13045
1313
12929
1319
1327
1330
4357
2146
1336
1336
1340
1344
1346
1350
1356
1357
1360
14055
1363
1363
1365
7950
26771
19139
1382
1638
1388
1402
1408
1410
1412
1415
1417
20191
1425
1428
9073
1434
2354
1441
1447
1448
1454
1456
1466
1467
1467
8457
1477
4099
25971
1500
1507
1508
1513
1514
1516
1519
30323
1521
1526
1527
1531
1537
8167
1545
1545
1546
1554
1554
1559
1565
1566
1570
1572
20602
1575
1575
13407
1580
1265
1593
1593
1599
1601
1603
1613
21825
1613
3580
1624
1625
10244
1627
1630
17223
1634
1383
1643
1646
1651
1659
1663
1667
3620
1671
1671
1680
1680
13088
1682
1683
1689
1690
5002
1696
1697
1698
1698
2030
14525
13017
1719
20338
1722
1728
1729
1731
1735
1736
1737
1739
1739
1747
17301
1759
1761
12606
1769
1772
1772
16017
1779
1780
1790
1791
1795
1796
1799
1808
29606
1811
1812
1812
1816
7247
1821
1828
1829
2133
1836
1841
1843
1844
30969
1853
1854
1855
1856
1857
1860
1864
1867
1870
1874
1878
1879
1880
19720
1883
1895
1898
1904
1906
1906
1910
1912
1913
1913
1914
1922
30699
1929
1930
1932
1940
1944
7335
1951
1952
1956
1958
1960
32158
1314
6616
1974
1974
1975
1976
25522
1986
1996
30661
2003
2004
2008
2009
2012
2012
2013
2013
2016
2018
2018
2022
2023
2026
2029
2029
1703
2032
2032
2033
2034
2036
2037
2039
2042
2043
2049
2054
2061
2068
2068
2070
25998
2077
2078
2079
2080
6408
2088
2093
2095
2104
2106
2111
13707
2119
2123
2124
1831
2134
30900
2137
2138
2139
1334
2154
2157
2157
2159
2160
2163
2167
2172
2176
2177
27286
2179
2180
2187
7495
2196
2204
2212
2213
2213
2217
2222
2232
2235
2237
2328
2242
2243
2243
5666
2247
2248
20168
2254
2255
25746
20885
2271
2274
25581
2277
2283
2285
2287
2294
2297
2302
27791
2311
2315
2321
2323
2325
2239
2332
2335
21355
2336
2337
2340
2342
2348
1438
2356
2359
2363
2365
2369
2372
2373
2376
2377
19156
2384
2389
2395
2396
2405
2409
26475
2417
2419
2419
2422
2425
2426
2427
2427
2430
2434
18993
2436
2437
2443
2446
7384
2453
4465
28903
2466
2911
2476
2484
2491
2493
2497
3760
2501
2507
2508
2508
2509
2512
2516
2517
2521
2529
2530
2531
2532
2535
2537
2542
2545
2546
2550
2553
2557
2561
2561
2567
2572
2574
2574
2575
2575
2576
2576
2579
2581
2581
2589
2589
2590
24947
20820
2601
2605
8737
2610
2613
1135
16045
2625
2626
2632
2637
2648
2651
29718
2666
2674
2679
2687
2688
2694
2695
2696
20490
2704
2704
2706
2707
2709
2711
2722
18979
2732
13432
2735
2736
2740
2742
2745
2747
2754
2755
2757
2759
2762
2766
2767
8221
2771
2772
3798
2777
23028
2784
2786
2787
2787
2789
2794
9962
2803
2804
2806
24746
2813
2827
2831
2832
12956
2837
18695
22775
2842
2848
2849
2851
18306
2860
23573
2864
2866
2869
25979
32617
2878
2879
2879
31205
2883
2884
2889
2891
2894
2896
2899
2899
2908
2471
25789
2924
2924
2929
24681
7157
2931
2932
2934
2936
2936
1233
5704
2952
2957
31032
23295
17671
3282
2964
2965
2967
2968
2968
2974
2977
2978
2987
2987
2994
2998
3004
3006
14513
191
9421
3021
3023
19334
5040
3040
3045
3045
13351
6852
8196
3056
3059
3062
25986
3067
3069
3070
3081
3081
3083
3087
3089
11074
3103
3103
24222
3105
8445
3107
3108
3111
3111
3112
28618
4144
3115
3117
3119
3125
3134
11745
3138
3148
11124
3150
3152
3155
17008
3159
537
17135
3163
3164
3165
3165
3172
3175
3176
3179
3180
3180
3194
3198
3198
3207
3208
3208
4271
3221
3222
3227
3240
3247
3247
3251
3252
16754
3254
20897
3263
3268
3278
3278
3279
2963
3284
3285
3288
3306
28319
3311
14471
3315
3316
3328
3335
3338
3616
3343
3346
3349
6269
3355
3361
3368
13501
3374
3376
3377
18772
3383
1213
3393
3396
3399
3400
3401
3405
3406
3407
3409
3430
3432
3434
3436
3449
3454
3457
3458
5440
28469
3465
3472
3472
3473
3476
3480
3489
31893
862
3500
3502
3503
3503
3510
28381
3511
3511
3511
3512
3515
20052
3527
370
25543
3533
3533
3539
3547
3557
3558
3568
3571
3573
3575
3577
1619
11339
3589
3590
3592
3593
3598
3599
7823
3343
3617
3620
1669
24070
3622
3622
3625
558
3634
3640
9689
3645
17045
11495
3651
3652
30053
3655
20565
3656
3660
3665
3666
7361
3673
3673
3675
3682
3687
3688
3696
3706
8648
3721
3722
3724
3724
3725
5020
622
3730
3731
3732
3745
3747
3748
2497
17438
3761
3765
3769
3770
3770
17598
3779
3782
3788
3792
3793
3794
3795
3798
2774
3799
3805
3814
3816
3818
3820
3839
23834
3847
3847
3850
3850
3851
3856
3858
3859
17302
3876
3880
3882
3883
3888
3891
3892
3894
3895
3903
3903
3909
3914
3920
3923
3924
3924
10116
3928
31208
3938
3942
25196
3948
28761
3953
3955
3957
3961
3962
3967
12087
39
3987
3988
3995
3997
4008
4021
4027
28297
4030
4030
4032
7015
28078
4036
26456
10079
4039
4039
28710
4060
4060
4066
4077
4079
4083
4083
4084
4085
4085
4086
4089
4090
4090
4090
4095
1479
24869
4111
4116
14471
4121
4127
4129
22632
4144
3113
4152
4154
4164
4166
4171
4174
4176
4180
11282
4181
4183
4186
4189
22559
4204
4206
23418
4208
4208
4209
27797
4215
4216
4221
19158
4223
4238
4246
4246
4253
4254
4255
7927
4260
4260
3210
4271
4271
24327
4277
4283
4285
4286
4287
18190
4290
4303
4303
4303
4307
31702
26590
4315
12233
4325
4327
4334
4335
4338
4342
4345
17663
4346
18903
4350
4353
1333
4366
4366
4367
4378
4380
4383
20460
4392
4393
4401
4402
4405
4407
4416
4419
12055
4430
4432
4433
7198
4434
4436
4438
4439
4449
4464
2456
4466
4467
4468
4469
4490
4494
4499
7554
4505
4511
4522
4526
4530
4535
4541
4546
4547
32125
4566
4567
20105
11734
29866
4579
4579
4580
4585
4589
4590
31990
4592
4593
4598
4599
4599
4600
4602
4605
4605
7226
4618
6748
9371
4625
4626
4627
22430
4635
4639
4640
4642
4645
4653
4654
4668
22742
4681
4682
4682
4685
4691
4699
4707
4709
4714
4759
28998
4720
4723
4724
19588
4728
4729
4731
4738
4748
4750
4751
4751
29482
4716
30372
4762
4764
4769
4770
4773
4778
4780
4784
14643
4787
4791
4798
4800
4803
26171
4805
4812
4823
4825
4825
4826
4827
17806
8300
4831
4837
4839
4842
4843
4846
4854
25124
4861
4861
4864
4866
4867
4869
4872
4877
4880
4883
4887
4890
4892
4893
4898
4898
4901
4906
4907
4908
4910
4910
4911
27700
4913
4914
8832
4924
32183
32445
4929
4929
4936
4936
4945
4951
4954
4965
4965
4967
17858
4981
4983
4985
4985
4989
4999
13928
10617
5006
5010
3727
5022
5023
5026
5028
5028
5028
5029
5032
5033
5037
3040
5041
5044
5049
5057
16248
5060
8412
24898
5071
26965
5078
26543
12996
5088
5089
5092
5100
5103
5118
5121
5122
5126
5138
5140
25539
5147
5152
5154
5157
5159
5160
5160
5161
5164
18301
29607
5174
20616
5192
5202
5207
9736
5212
5214
5222
28126
12668
26524
5251
5252
5253
5255
5255
30825
5257
13937
5261
5263
585
5277
793
5281
5281
5290
26525
5302
5303
5313
31314
1137
5324
5328
5328
5337
5339
5343
8764
5346
5349
25725
5359
21248
5360
23513
5370
31329
5378
5381
5384
5385
5388
5392
5399
5403
5407
5410
5413
5414
5416
5419
5423
5423
5423
5425
14248
1069
5433
5436
3461
5441
5442
5445
5446
31128
5453
5464
5467
5467
5470
5496
5496
14970
5500
5501
5504
5506
5513
25654
5518
5520
5522
5536
5539
5539
5540
5543
5547
5550
5553
5558
5565
5566
5568
5570
5576
5577
25248
9128
24581
25229
5586
5587
5594
5594
5597
5605
5611
5612
28464
5621
5627
24302
725
5642
5647
5650
2243
5677
7982
5679
10469
5681
5688
5696
5700
2941
5706
5708
5708
5710
5710
31761
5719
5719
5720
5721
5730
13523
5738
5740
30779
9898
5760
5763
5763
5765
20949
5771
5783
29697
20390
5798
5800
5801
5801
5812
5814
4317
5821
5824
5831
5834
5836
5848
5853
5854
5859
5861
5871
15806
5877
5878
5878
5880
5880
5885
5885
5886
5894
5901
5904
5907
5912
5918
5926
5928
5939
16682
32092
5941
6865
5948
5951
5956
5961
5964
5966
5975
19866
5995
5999
6001
26053
6006
6007
6014
6016
14617
6019
6020
6027
6031
25505
6035
6036
24815
6042
6045
6045
23044
6057
6058
16560
6066
6070
6085
6092
6093
6097
6108
6111
6114
6115
25469
6120
6123
24672
6127
6127
6130
6134
21080
6146
6148
6148
17514
22847
6153
14086
6160
30949
6166
6168
6170
6171
6182
6184
6193
6194
6194
6199
6204
6211
6211
6213
6215
6223
6228
6229
7136
13049
6240
6242
6246
6246
1281
6248
6252
6252
6256
6258
6265
6266
3354
6270
32375
6292
6321
6323
6324
6329
6332
6335
6336
6338
6339
6343
6345
6347
6348
8962
1881
6360
6362
6371
6373
10995
6385
6389
7765
6399
9866
6406
6512
6411
4570
6417
6418
6420
6425
6426
6426
6428
6429
6430
18723
29620
6446
6448
6452
6453
6455
6463
17182
6466
6478
6480
6484
21589
6491
21767
6498
6501
6502
6504
2085
6512
6512
6514
468
6516
6517
26149
6528
6529
6540
6542
6546
6550
6558
6558
6560
6562
6574
6584
6587
6603
6604
6607
6607
6611
1968
6616
6622
26998
6628
6636
6639
6658
6658
6664
6665
6665
6674
6677
26527
6687
6688
6689
6690
6696
12074
6698
6699
6700
6705
6706
22333
6707
6714
6716
6718
6719
10013
6730
12700
6735
6736
6737
6737
6737
6741
6741
6743
6744
26551
4621
6758
6762
6764
6765
28251
6774
6780
6789
6791
6795
6799
6800
6805
6808
6809
6812
6816
1
6824
6831
6835
5453
6837
6839
6843
6845
6847
6848
6849
3048
6855
6855
21956
6864
5945
6869
6882
6888
6890
6896
6897
17160
6909
9394
6921
6935
26174
2726
6945
6947
19751
6956
6957
6959
6962
6963
6967
6972
2732
6977
6980
6983
6986
21200
6989
6996
6996
6998
16703
7003
7006
7014
23252
7022
7023
7027
27305
7033
7037
7038
7039
7041
766
7043
7057
7061
8881
7062
7067
7067
7069
7074
7079
11642
7086
7088
7091
7092
22822
7096
7099
7107
28645
7112
7124
7125
7132
6232
7140
7142
8379
26228
7157
4728
7181
7181
7184
7186
7192
7196
13617
7199
12197
2959
20842
7213
7218
7223
4605
7235
7239
7239
1817
7252
7253
15977
7257
7261
7262
24785
7273
7274
7275
7279
7279
18036
7291
7297
7298
7301
7301
7303
7304
7307
7308
7311
7311
32137
7313
7314
7314
7315
7318
7319
7323
7324
7325
1951
7341
7341
7357
23502
7365
7366
7374
7375
7377
7378
7384
2448
7390
7391
7393
7394
7395
7401
7407
7407
7408
7416
8521
7419
7423
7425
7436
7439
7441
7444
7467
7474
7475
8380
7480
7485
7486
7487
30141
7497
7501
7506
7508
7511
7511
7514
7515
7518
7519
7519
7522
7527
7528
7532
7533
7541
7542
7550
23308
7555
7563
7568
7570
7576
7578
7579
7583
25913
7593
7595
7597
7598
7605
7606
11610
7609
7611
25086
7614
819
7631
7632
20760
7637
7643
7645
7646
23627
8940
7654
7660
7661
17279
7669
23167
22257
7674
7677
7679
27482
7685
7696
7697
30623
7701
24421
7771
7726
7730
7730
30469
7733
7743
7743
7755
7759
7760
7763
11967
6397
7766
7767
7768
7768
7770
7707
7774
7776
7785
7789
7800
7800
7804
7805
7814
7819
7820
7820
7821
7823
3609
7825
297
7829
10397
7831
7832
7835
22082
7839
7843
7847
7848
7852
7854
7855
7857
7857
22318
2249
7868
7869
7869
7869
7872
7872
7874
7877
7883
17615
7885
26911
7889
7890
7891
7891
7892
22327
7898
7899
7907
7911
7913
7913
30087
7918
24374
7922
4259
7937
7938
7945
7945
7945
16876
1376
15173
7951
7953
7968
7969
7970
7972
13324
7979
5678
7983
7984
22227
7989
7991
7998
8009
8013
8019
8025
8027
8027
8033
8037
8041
8042
10543
8045
8050
8051
8052
8054
8066
11696
8074
8075
8075
8076
8077
8086
8088
8092
8097
8099
8110
8111
514
8112
8116
8119
8119
8126
8133
8133
8134
8134
8140
8146
8151
17389
8153
8165
8165
1537
8170
8171
8178
8182
8185
8186
8187
25334
21467
8190
8190
8191
13452
10538
10081
3052
15226
8205
8206
8206
8209
8211
8218
2769
8225
8229
8238
8239
8320
8244
8244
8244
8246
8252
8254
1071
21502
8261
8262
8264
8268
8270
8271
8274
8274
5940
8275
8275
8276
8283
8288
8289
8293
27243
24031
8302
8305
8307
8314
8316
8317
8320
8320
8244
8345
30320
8362
8365
8368
8371
23803
23011
8388
8395
8401
5061
8413
8416
8417
8419
8420
8421
10493
8427
8428
8433
8433
15491
3105
22794
8451
8453
8455
8455
17428
8460
8461
8469
8473
8481
8495
8502
8508
8516
8521
7416
4137
8522
8526
8531
8533
8537
8537
15491
15390
8540
8544
16215
17265
8552
8553
32167
8562
8567
8569
8574
8575
8578
8582
8585
8586
8598
8598
8601
8607
8609
9965
8626
30528
8631
10340
8640
8640
8642
8644
8646
3712
8654
8668
8672
8673
17441
8677
8679
8687
8688
8688
8697
8700
8704
8705
8705
8705
8706
23212
8709
20164
8709
8711
8718
8723
8725
8728
8733
8735
8735
8736
13550
8740
8742
8748
8748
8749
8752
27159
8755
8756
5344
8771
8773
8775
8775
12126
8786
8794
8796
8798
8798
8798
8806
30244
8809
8810
8813
22019
8819
16533
8827
8829
4914
23095
8847
8852
8853
8856
8859
8866
8871
8872
8872
7061
29938
8884
8885
31089
8896
8901
8907
10023
8924
8929
8932
11780
7653
17406
8952
8955
8956
8959
8961
29846
8964
8965
14155
8974
8979
8992
8994
8995
8998
15857
9008
9008
20040
9012
9017
9018
9022
9025
9026
9032
9036
9040
9047
9054
9058
9060
29238
9064
9065
9069
9071
30669
9079
9089
9090
9093
9094
16385
9097
9099
19037
9104
9107
9107
27649
32705
9121
9124
9128
15598
9129
12429
9135
9135
9140
9153
9158
9160
9160
9161
9161
9162
9163
9163
9164
29010
9177
9181
9183
9186
9187
9188
9193
9195
9198
9207
9208
9218
9222
9222
9224
9226
9228
9228
9231
9238
9240
1362
9247
26126
9254
9255
9273
9276
9283
9286
9288
21328
9293
9299
9304
9306
9307
9309
9313
19535
9322
9323
29669
9323
9328
9331
30468
9348
7613
25672
9356
9358
24495
4622
9374
24460
9384
9389
9391
9391
6911
9394
9397
9399
9402
9403
9404
9404
9416
10345
9436
9436
9441
9446
9450
9455
9458
9459
17894
9464
15347
9474
9475
9479
9484
9486
9486
28911
9490
9492
9494
9500
9500
9502
32459
9505
9505
9506
9509
9512
9513
9513
32038
25454
9519
9519
439
9524
9528
9530
10298
9537
18928
9539
9541
9543
9547
9556
9561
9563
9570
9572
9577
9582
9584
9588
9601
26954
9607
9607
9608
9613
9616
9617
9617
9619
9633
9639
9640
9649
16445
9662
7895
9130
9672
28181
9682
9684
9688
9688
3641
9690
9691
9692
9694
9696
9696
22828
9722
9724
9729
9732
9734
29142
9737
9741
9753
9756
9759
9765
9767
9772
22883
9777
9777
9778
9781
16821
9782
8826
9790
32636
9801
9802
9802
9802
9807
9807
9809
9811
9812
9815
9817
9824
9828
581
9830
9837
9842
9843
16137
9844
9845
9849
11828
9853
9856
9857
9862
9863
9865
6404
9866
9868
9869
9872
9874
9883
9886
9890
9893
9894
9894
5754
9901
9903
9907
9912
9917
9920
9921
9922
9924
20444
9928
9930
9931
9931
9942
9949
9956
9957
9960
2795
890
30420
9968
9970
9970
9976
9978
9981
9983
9984
9985
9987
9990
9996
10002
10008
1285
6727
10014
10015
32687
10023
8921
32364
10033
10035
10037
10044
15928
10050
10050
10051
10052
10054
10062
10062
10062
18510
18418
10068
10071
10079
28549
10080
8194
10095
32412
10104
3924
10123
10125
10127
10130
9657
15541
10141
10141
10142
10149
10149
10151
10152
10156
17638
10168
10173
10175
10177
10178
10180
1042
10196
30352
10199
10204
10210
10211
10213
10214
10216
10217
10217
10219
10229
10232
22163
10237
1625
10244
10246
10247
10247
10251
10253
10260
10263
23181
10267
10271
10271
10274
10275
10277
10279
15723
10288
10289
10289
10290
9533
10298
22577
10315
10315
10317
10319
10323
10332
10337
8636
3014
10365
32608
10375
10376
10377
10637
10381
10382
10382
10383
10386
10386
10390
10390
29618
10401
10405
10405
10407
10413
10414
10418
10420
10422
10426
10426
10428
10429
10432
10433
10435
30291
10437
10441
10443
10462
10462
10464
5680
10470
10472
10473
10484
10490
10492
8424
10493
10496
10499
10501
10505
10508
10511
10512
18911
10517
10519
15763
14520
10523
10526
10527
10529
10529
26769
10537
10538
8193
10538
32119
10540
10541
10543
8044
10546
10546
10549
10550
10551
10558
10562
10565
10566
10568
10573
10576
10577
10580
10583
10589
10589
10590
10591
10593
10595
10597
10601
10602
10602
10604
5004
10617
10629
10634
10636
10379
28280
10646
10649
10652
10655
10658
10662
10663
10672
10681
10685
10691
10693
10697
18229
25360
10701
10702
10705
21802
10711
10715
10722
10724
10731
30753
10741
10744
10747
10747
10763
29324
10771
10776
10789
10793
10804
10813
10814
10815
10816
10821
10821
10827
10831
10834
10834
10837
10844
10852
25262
10856
10859
10862
10863
10872
10874
10877
10877
10879
13484
10885
10890
10892
10899
10904
10913
10914
10915
10919
19164
10921
10924
10928
10936
17859
10945
10947
10955
10956
10957
4214
30883
10960
10961
10966
24471
10970
10974
10987
10987
6375
10997
11000
11000
11001
11004
11005
11012
11013
11018
11024
11028
11028
11029
11032
11034
11036
11039
11039
11050
11053
11054
11055
11058
11060
11067
11071
11072
11073
3089
11078
11083
20792
11085
11086
31937
14884
11094
18250
11099
11099
11103
11109
11109
11116
11120
11121
11121
3149
11129
11131
11133
11137
11144
11145
11149
11150
16176
11162
11163
11167
11167
11169
31919
11173
11176
11180
11190
11191
11193
21958
11204
11204
12885
11210
11218
11224
4672
11232
11236
11236
11237
11237
11238
11240
11242
11243
11257
11258
11259
11261
11266
11268
11278
14016
11284
11292
11295
11297
11300
11301
11308
11310
11310
18559
11317
11319
11321
11325
11330
3586
25593
11342
11345
11346
11348
11353
1189
11362
11362
11368
11369
11372
11374
11374
11385
11385
22299
11389
11390
11394
11397
11398
11400
22612
11407
11411
11412
11416
11434
11440
11463
11469
11472
11476
11478
11479
11479
11480
11482
11485
25214
3648
11497
11498
11502
11506
11507
13890
11507
11509
11513
11517
11517
11523
11526
11529
11531
11532
11535
11538
11542
11551
11552
11558
11569
11571
11571
11572
11572
11585
11587
11751
27224
11594
11598
11602
11602
11603
11605
7607
11612
11617
11625
11627
11628
11628
11628
11633
11633
11638
11639
7085
11643
11652
14702
11673
11689
11692
29853
11696
8073
11699
11707
11719
11719
11724
11730
11731
12151
11734
11737
11738
11740
11742
3135
11746
11747
11591
11752
11753
11755
11758
11761
11762
11765
11775
11780
16658
16168
11786
11786
12307
11799
11800
11800
11801
11805
11811
11812
11813
11817
11826
11827
13469
11829
11837
11840
11841
12500
11859
11860
11863
28869
11869
11877
11877
11877
11881
11886
11886
11889
11889
28688
11908
11911
11911
23782
11912
11913
11914
11914
5356
11926
11930
11933
11933
11936
11938
11940
11942
11943
11963
7764
11970
11971
11975
14412
11985
11988
22828
11988
11991
11995
11997
11997
12000
12001
12002
12007
12009
12012
12015
25757
31958
12024
12024
12027
12031
12032
12037
4430
12057
12059
12061
12068
12069
19519
12071
6698
12076
12077
12083
12085
3971
12087
12088
12089
15797
10958
12099
12103
12105
12108
20711
12119
12122
8784
12130
12132
12139
12139
12140
12141
27372
4568
12155
12156
12157
12169
12169
26459
22504
12188
12188
13505
12191
12192
12192
12196
7204
12206
12208
12211
12212
12214
12225
30605
12227
18905
12233
20093
12234
12234
12241
12242
12245
12249
12255
12258
12267
12268
12268
12275
12275
12277
12281
29265
12289
12290
12298
12300
11794
16870
12314
12319
12330
12332
12335
12339
12341
5319
2464
12352
12354
12355
12358
12359
12369
12369
30114
12373
12380
12384
12386
12396
12397
12400
12402
12405
12405
12405
12409
12414
12415
12419
12426
12429
9668
12443
12444
12458
12459
12459
12462
12463
12465
12469
12472
12472
12475
12477
12486
12491
21222
12494
12495
12496
12496
12499
11843
12500
12504
12504
866
12514
12517
12523
12527
12528
12529
12535
12539
12540
12548
12551
12556
12559
12560
12563
12564
12565
12579
12586
12588
12588
23927
12595
13150
12597
13359
12602
12603
1762
12607
12608
12622
12626
12630
12631
12634
12636
12636
12637
12643
12649
12655
12658
12659
12659
12664
18238
12668
5229
12674
12682
25399
12684
12686
12689
12695
12697
2960
12713
12718
12723
12724
12729
12729
12736
12738
16279
12753
12761
12762
12762
12763
12767
12771
12771
12776
12777
12779
12781
12790
12795
12805
26217
12809
12810
12816
12819
12820
26500
12825
13492
32013
12842
12845
12847
12853
12854
12861
12865
12865
12885
11207
12886
12891
12892
12899
12903
12905
12908
25915
12915
12916
12924
12927
12929
1235
12932
12936
17913
12952
12953
12953
2605
12957
12957
12958
12960
12963
12965
12966
12968
12973
12977
12983
15585
19001
29179
5086
12996
12999
12999
13000
13008
13008
10131
13014
1709
19351
13031
13037
13040
13043
13044
1311
23623
6235
13051
13051
13052
13054
14733
13056
13058
13059
13061
13065
13079
13081
13081
20077
27565
13087
13087
24398
13095
13101
13107
13109
13111
27548
13115
13116
13117
13119
13122
13124
13139
12596
13150
13151
13151
13152
13152
14669
13163
32530
13165
13168
13180
13181
13183
1496
13189
13198
13198
13206
13209
13214
13216
29107
13227
13228
13229
13233
13235
20413
13236
13237
13241
13248
13254
13266
13268
13275
13281
13282
13282
17259
13289
13289
13291
13297
13297
13298
13298
13306
13309
13311
13316
18262
13323
7973
13325
13327
21379
13336
13339
13340
13342
13349
13349
13349
3046
13352
13355
13357
13358
12600
13366
22152
13384
13386
13394
13398
1576
13408
13410
13411
13999
13421
13421
13427
13430
13430
6975
13438
13438
13442
16382
16726
13449
8192
13453
13454
13461
13461
13466
9849
13471
13473
13475
13476
13478
13479
13480
13482
13484
10880
13486
12837
13498
13500
3372
12188
13507
13511
13512
26690
13695
13522
5735
14191
13528
13548
13548
10281
31007
13556
13559
13564
13569
13571
13576
13579
28467
13586
17681
20768
32349
13604
13604
13612
13614
4434
13619
13621
13624
13624
13626
13632
13634
13634
13634
13634
13652
13657
13663
13663
13669
13671
13671
13675
13685
13688
13691
13691
16893
13693
13693
13695
13695
13519
13696
13698
13699
13700
2659
630
2118
13711
13712
13717
13719
25083
13719
13731
13734
13736
13739
13743
13752
13756
13756
13758
13759
13760
13760
13763
13763
20719
13769
13778
13779
13781
26167
13794
13796
16646
13812
13813
13817
13822
13824
13828
13829
13829
24849
13844
13845
13847
31165
13857
13719
15038
13866
13867
31236
13873
13880
13888
13888
11507
13890
13893
13896
13911
13913
13917
13927
9926
13930
5257
13942
13949
13951
31494
13958
13960
13963
17628
13974
13975
13996
13416
25623
14009
14016
4181
23709
14020
14023
14030
14032
14043
14045
32421
14050
14052
14053
14053
14054
14055
9247
14057
14062
14063
14063
14069
13526
14070
14074
14074
14077
14077
14078
14081
14083
6158
14086
14087
14089
14095
14102
14104
27510
14110
14115
14117
14117
23624
14132
14134
14137
14142
14148
14152
8973
14160
14162
14164
14171
14173
14175
14182
14183
14188
14188
14189
14070
14194
14195
14195
14197
14197
14204
14218
14219
14223
14226
14227
14233
14239
14243
14247
14247
5426
14253
18713
14254
14257
14263
14264
14273
14276
25092
22657
14285
14290
14292
15684
14294
14296
14296
19068
14305
14307
14313
14319
14319
14324
20474
14325
14333
14333
14336
14336
14336
14340
14340
14346
14351
14353
14353
14356
14357
14357
1206
14361
14361
14368
20271
20126
14381
14383
14384
14387
18798
14395
14397
14398
14401
14406
14406
14409
11976
14412
14419
14421
14423
14428
14430
14430
14432
14432
14432
14437
14439
14442
14446
14454
14457
14462
14466
14466
14467
14468
3314
23414
14479
14481
14481
14481
14483
14484
14486
14488
14488
14493
14494
14496
14499
14502
14502
14508
14509
3008
14514
14518
17695
14520
10520
14520
1706
14528
14529
14535
14540
14542
14543
14544
14544
14545
14552
14559
14562
14563
14564
14566
14576
14578
14583
14587
14589
14593
14599
31608
14607
14617
14617
6018
14618
14618
14618
14622
14623
14625
14626
14630
14639
14641
4786
14646
23701
19544
22710
14653
14664
13160
14670
30743
14688
14698
14699
32582
11665
14706
14711
14714
14715
14715
14715
14720
14720
14727
14731
14733
14733
13054
14738
14743
14748
14748
14749
14750
14756
14759
14763
31719
14770
14770
14771
14772
14784
14790
14791
23951
13236
23969
14797
14800
14805
14810
14817
14822
14825
14837
14838
14846
14848
14849
29974
14850
14857
14858
14859
14884
23365
14865
14867
14869
14872
14874
11093
14861
14892
14897
14904
14907
14911
14913
14926
14933
14935
14939
14945
30035
14951
14953
30956
21130
17198
14965
5497
14970
18409
14977
14979
14980
14987
14987
14990
14991
14993
14998
21385
14999
15001
15001
20022
15004
15006
15008
15012
15013
15013
15014
15017
15017
15020
15022
15024
15024
15034
13865
15038
15039
15041
15044
15049
15051
15053
15054
15055
15058
15060
15072
22475
15083
15084
15087
14850
15090
15094
15095
15097
15097
15099
15103
15103
15110
15113
15123
15123
15124
15130
15133
15135
15136
15137
15140
15140
15144
15145
15145
15151
15153
15156
15158
15161
15163
15164
15166
15172
7950
15174
15175
15176
15180
15183
15183
15184
15187
15194
15194
15197
15198
15198
15199
15202
15202
15213
15215
15220
15223
17630
15229
15230
15232
15233
24674
15240
15242
15244
15252
15257
15257
15258
15264
15264
15264
15269
15281
15281
15285
15285
15295
15304
15307
15311
15314
15315
15316
15316
15319
15329
15331
9470
15351
15353
23399
15355
15368
15378
15384
8540
15393
15403
15412
15416
15428
25091
15434
31235
15443
15444
15448
31721
15456
32381
15471
15477
15478
15485
15486
15488
15488
10310
8537
22308
15492
684
15004
15501
15501
26029
6412
15510
15515
15525
15530
28123
15531
30425
15535
15535
15537
20923
15546
15546
15548
15552
15556
4567
15557
15558
15558
15559
15560
15560
15562
15562
15567
15572
15572
15581
15582
12990
15586
15588
15591
15592
15595
15598
5579
15601
15601
15605
15611
15611
25288
15616
15616
15617
15617
15628
15628
29730
15632
15632
15634
15641
20295
15643
15650
16244
15660
15663
15663
15666
15668
15674
14293
15688
15690
15691
15693
15694
15698
15701
15702
15707
15708
15709
15711
23434
15722
2835
15725
15732
15732
15741
15741
15747
15748
15750
20161
15759
15760
10519
15768
15771
15775
26043
15781
12089
15802
15804
28284
15814
15816
15817
15822
15822
15825
15826
15829
15832
15842
31404
15847
11924
8999
15858
15862
15863
15865
15866
15872
26395
15875
15877
15883
15892
15893
15895
15899
15902
15905
15913
15927
10047
15945
15951
18990
15955
15956
15956
15958
15961
15969
15971
15972
7253
15980
15983
15984
15989
15992
15994
15997
15998
16002
16003
16007
16009
16010
27431
16011
16012
16014
1778
16020
16020
16027
31574
32070
16033
16034
16036
16038
16038
2624
16058
16066
16067
16071
16083
16085
16090
16101
16104
1022
16108
16110
16114
16119
16119
31712
16124
16125
18246
16133
16136
16136
9844
16137
16138
16146
16153
16154
16155
16163
16166
16167
17369
16170
16174
11151
16178
29304
16185
16189
16191
25300
17603
32382
16202
16204
16205
16206
16209
16212
16213
16215
8546
16223
16225
16228
16228
16229
16237
15651
4206
5059
16252
3729
16257
16263
16269
12750
16279
16281
16282
16287
16290
16292
16305
16305
22842
31236
16315
16320
16321
22145
16327
16330
16337
16339
15
16348
16349
16361
16368
16370
16373
16378
13442
9322
16387
16388
16388
16389
16392
16396
16397
16399
16402
18628
16403
16410
16414
16420
16423
16427
16427
16429
16430
16439
16443
17261
16450
16453
16455
16458
42
16463
16465
28857
16478
16481
16485
16489
16490
16491
16497
16500
16508
16510
16510
16513
16513
16517
16519
16521
16522
16530
9785
16537
16540
16540
16546
16821
16552
16553
16559
13591
16561
16566
16568
16575
16580
16587
16590
28958
16600
16600
16601
16602
16610
16611
16612
31615
16613
16617
16620
16624
16628
22615
26524
16634
16636
16645
742
16650
31825
16652
8934
16663
16664
16671
16678
5940
7002
16720
30351
16724
13449
16728
31578
16733
16737
16741
16745
16750
16751
16752
3252
16770
16774
16776
16778
16778
16779
16785
16787
16788
16792
16794
16794
16797
16802
16810
16810
16813
16814
16815
16816
16816
16820
16820
12233
9782
16824
30098
16832
16840
16840
523
16859
16861
16863
31187
16869
16869
19900
16875
27104
21063
16878
16878
16879
16882
16891
26437
16898
16900
16900
16915
16919
16919
16925
16941
16946
16949
16950
16955
16957
16960
16963
16968
16978
16978
16980
16983
16987
16991
16992
16997
16998
16998
16998
17001
17002
3157
17008
17009
17018
17020
17022
17026
17028
17032
17033
28819
17046
17050
17052
17803
17054
17054
17055
17058
17060
17061
17066
17069
17072
17073
17074
17075
17077
17084
17091
17094
17096
17107
17123
19420
17131
24045
17134
3161
20544
17137
17145
17146
17150
6902
17162
17162
17163
17166
17166
17166
17170
17178
6463
17185
17186
17191
17192
17195
14961
17206
17211
17213
17214
17215
1633
17224
17230
30979
17235
17239
17243
17249
17249
17253
17256
17258
17259
17259
13284
12348
26523
17262
17262
17262
17264
17265
8552
17266
17266
17267
17268
17269
18982
17276
7667
17280
17283
17296
1750
3868
17303
17305
17306
17306
17317
17319
17322
18434
17326
27146
17332
17335
17336
17340
17342
17345
17347
17350
17350
17353
17354
25725
17357
17361
17361
17363
20127
11785
17369
17378
17385
17387
8153
17391
734
17399
17401
17403
17406
19257
8940
17413
17414
17416
17418
17422
17423
1467
17429
17433
17434
17434
17435
3760
27138
28638
8673
17444
17447
17451
17452
17454
17459
17462
17464
17471
17474
17478
17479
17491
17493
17494
17494
17503
17508
17509
17509
17510
17512
6150
17518
17521
17527
17528
23449
17538
17543
17547
17550
17553
17557
17558
17559
17563
17566
17566
17567
17570
17578
17580
17582
17582
32084
17587
17588
1009
3771
17601
16196
17606
17608
17613
7884
17616
17625
17625
13971
28121
17633
10166
17639
17639
25370
17644
17645
17648
17652
17654
17657
27782
22038
17664
17670
29744
17673
17680
17680
13587
17682
17682
17684
17688
17689
17691
17692
28831
1210
14519
17707
17710
17711
17712
17713
17713
17714
17715
17716
24234
17719
17723
17731
17732
17732
17745
17748
17749
17756
17757
17763
17769
17771
17773
17775
17777
17781
17781
17785
17787
17787
17788
17789
17796
17796
17803
17053
18709
17806
17807
17808
17809
17813
17815
17815
24382
17829
17836
17840
17840
17843
17852
32127
4977
10942
17863
689
17867
17867
17869
17869
17873
17877
17878
17878
17881
15855
17886
9464
17894
17896
17899
17900
17903
17907
17909
17910
17913
1033
17914
17914
17917
17920
17924
17927
17929
17934
17939
17947
32328
17950
3510
17954
17955
17956
17965
17977
17980
17980
17981
17982
17983
17986
17988
17993
17996
18011
18018
18020
18021
18035
7280
18046
18056
18059
18061
18062
18063
29455
22573
18070
18070
18076
239
18084
18086
18093
18103
18104
18111
18111
18112
18124
18127
18129
18134
18142
18144
18145
18169
18174
18179
18182
18182
18186
18188
18190
29920
23932
18206
18206
18219
18220
18226
18227
18227
10701
18230
18231
18231
18233
12667
3655
18246
16131
18249
18250
11098
18251
18251
18252
18256
18257
25392
18272
18274
18281
18283
18289
18289
18292
18295
18299
18299
5167
18302
2852
18311
18313
18324
18324
18326
18326
18330
18332
18340
18341
18347
23935
18351
18357
18368
18372
18378
18379
18381
18382
18382
18387
18393
18400
18401
18403
18403
18404
18406
14976
10065
18419
18423
17324
18435
18437
18439
528
18442
18444
29405
18452
18452
18454
18459
18462
18463
3622
18467
18489
18489
18499
18501
21160
10063
18513
18514
18516
18524
18526
18529
32558
18538
18541
18543
18543
18544
18544
18547
18548
18548
18557
11313
19330
18568
18577
18578
18579
18580
18591
18596
18599
18600
18601
18605
18609
18611
18620
18625
16403
18629
18632
18632
18639
18641
18641
18644
22137
18652
18656
18656
26797
18664
18666
18667
18669
18670
18675
18676
18677
18683
18687
18690
18692
18692
2840
18696
18699
19703
18702
18702
18705
4829
14254
6433
18725
18729
18732
18739
18739
18743
18745
428
18753
18757
18758
18767
18772
3382
18773
18783
18787
18788
18794
5210
18796
14393
18798
18800
18809
18812
18816
18819
18819
9680
18828
18830
18830
18831
18834
18834
18835
18837
18840
18847
18851
18853
18857
18857
18864
18864
18866
18866
18869
18871
27445
18886
18891
18891
18898
21187
4347
16546
18906
24046
18913
19225
18925
9538
18940
18948
18956
18958
18958
18961
18972
25929
6942
18980
17272
18989
15955
18991
2434
18996
18998
24788
19007
19017
19021
19022
19028
19029
19029
19032
19037
9100
19041
19051
1213
19053
19062
19065
19068
14301
28007
19072
19075
19076
19080
19088
19090
19091
19092
19093
19101
21252
19106
19106
19107
30513
19109
19115
19117
19124
19127
19128
19130
19133
19135
19136
1381
29244
19141
19147
19149
19153
19155
2384
4223
19159
10920
19166
19167
19167
19169
19172
19174
19175
19176
20463
21691
19184
19186
19195
19196
19197
19200
19209
19213
19220
19220
21898
18925
19233
19236
19242
19244
19246
19247
19252
19254
19255
17406
19265
21710
19279
19279
19280
19286
19290
19290
19327
19328
19329
18565
3028
19335
19340
19341
19342
30970
19359
19361
19364
19365
19365
19370
19372
19373
19377
19377
22005
19381
19387
19389
19391
19396
19403
19405
19409
19411
19415
19416
17129
19431
19433
19439
14765
19456
19458
19461
19464
29466
19466
19471
27978
19477
19477
19478
19479
19480
24671
22051
19495
19498
19501
19501
19505
19507
19508
19513
19517
12070
19522
19528
19529
9095
14652
19547
30573
19549
19550
5239
19557
19557
19558
19560
19567
19568
19570
19577
19579
19585
19586
2930
19596
19597
19598
19599
19602
19606
19610
24270
19614
19614
19620
19622
19623
19628
19629
19629
19637
19637
19643
19643
19645
19650
19651
19651
19654
19658
19659
19660
19666
19669
19670
19680
19681
19685
19686
31842
19688
19689
19690
19692
30973
19695
19698
19698
19699
18699
19704
19704
19706
19707
19711
6356
19722
19725
824
19727
19727
19734
19736
19741
19746
6947
19753
19757
19760
19761
19767
19771
19772
19772
19777
19788
19794
19796
3931
19800
19802
19802
19803
19803
19804
19807
19809
19809
19811
19814
19817
19820
19823
19832
19833
24501
19841
19841
19842
19845
19846
19848
19849
19851
19853
19854
19857
5992
19868
19873
19876
19876
19880
19882
19883
19885
19886
19887
19890
12312
19901
19905
19906
21697
19910
19912
19912
19915
19916
19920
19920
19925
998
19930
19931
19936
19952
19955
19955
19959
27312
19967
19982
19983
19986
19989
19989
20001
20003
20005
20006
20012
20738
1157
20025
20026
20026
20030
20030
20036
20037
20038
9009
30680
20043
20047
20049
20052
3522
20054
20065
20066
20071
20075
13083
5819
20095
20096
20099
20100
20101
20103
15557
20109
20111
20113
20114
20116
14381
17367
20128
21173
20132
20143
20151
20158
15757
20164
8709
20165
18533
20171
20175
20179
20185
20187
20191
20191
1423
20193
20193
20201
20203
20205
20210
20210
20213
20220
20222
20224
20227
20227
20230
20231
20234
20234
20234
20235
27782
20238
20244
20246
20248
20250
20251
20261
20265
14376
20271
20272
20274
20275
20275
20276
20282
26137
20287
15641
20297
20298
20307
20311
28841
20313
12182
20316
32647
20324
20326
20327
20330
20337
1722
20338
20634
20343
20359
20360
20374
23121
20386
20389
20389
5792
20391
20394
20402
20408
20408
14796
20415
20419
20425
20431
20435
20435
20443
1695
20449
20456
30597
19176
20472
20473
14325
20475
20476
26019
20480
20481
20485
20489
25277
2703
20491
20491
20492
20494
20497
20499
20501
20508
20508
20517
20519
20520
20524
20524
20525
20529
20531
17136
20548
20553
20554
20563
20565
18244
20567
20572
20573
31096
20586
20588
20588
20601
31719
20607
20607
20613
20613
5185
20628
20629
20342
20646
20646
20650
20654
20655
20660
20660
20663
20666
20670
20671
20677
20690
20691
20693
20700
20704
12111
20713
13767
20725
20728
20729
20729
20730
20736
20012
20740
20744
20745
20748
20755
20759
7637
20763
6059
7858
20772
20773
20779
20780
20782
20786
20786
20786
11084
20801
20804
20813
20813
20814
20818
20819
2593
20820
20823
20827
20833
20841
31513
20843
20847
20850
20852
20861
20864
20864
20866
20870
20877
20878
20879
2265
20895
3260
29037
20899
20900
20906
20910
20913
20918
10136
20925
20930
20936
20940
20940
20941
24155
20948
5768
20954
20958
20961
20967
20968
20969
20974
20976
20981
32644
20997
21002
21003
21010
21013
21015
21015
21020
21021
21026
21027
21029
21044
24186
21050
21053
21056
21056
21057
21058
21061
16878
21069
21073
21076
21077
21078
6139
21086
21096
21099
21101
21106
21106
21119
21122
14958
21134
21136
21139
21149
21153
21160
18505
21168
21168
21170
21171
20128
21182
21184
18901
21188
8254
21206
21208
21217
12494
21222
21231
21237
21241
21246
5360
21252
19105
21261
21266
21274
21279
21281
21282
21283
21285
21287
21288
21508
21301
21302
21304
21313
21316
21316
21322
21324
21324
9293
21331
21337
21338
21339
21344
21348
2336
21355
21363
21363
21369
13327
21385
14998
29762
21391
21391
21392
21395
21395
21396
21396
21405
21411
21411
21412
21415
21416
21418
21422
21423
21424
21434
21437
21440
21446
21446
32678
21454
21457
21465
21467
8190
21472
21476
21476
21477
21481
21490
21493
21496
21497
8258
20042
21503
21504
21506
30122
21509
21511
21517
21517
26709
21520
21524
21526
21526
21539
21546
21547
21547
21554
21557
612
32203
21578
30171
21609
21610
21612
21617
21618
21618
21620
21621
21622
21633
21636
21637
21640
21641
21645
21645
21648
21654
21654
21655
21662
21673
21674
21678
686
19179
21693
21693
19908
21701
21709
21710
19276
21715
21717
21717
21725
21730
23700
21737
21737
21739
21739
21745
21749
21749
21756
6494
21769
21771
21773
21774
21778
21779
21779
21785
21788
21790
21800
21801
10705
21802
21805
21807
21817
21818
21822
1613
23493
21828
21828
21829
21829
21829
21836
21842
21846
21849
21855
444
21858
21874
21888
21897
21898
19222
21899
21905
21914
21920
21921
21922
21922
31824
21929
21930
21930
21933
21936
21939
21940
21943
21945
21949
21953
6859
21957
11203
21964
21966
21973
21974
22455
21974
21979
21981
21983
21983
21988
21991
21992
21998
22004
19378
22009
22016
32197
22025
22029
22032
22038
22038
4345
22041
22046
22049
19492
22052
22053
22053
22057
22062
22063
22064
22069
30605
22080
22081
7836
22084
22084
22087
22087
22094
22096
22102
23241
22103
22104
22105
22105
22111
22118
22120
22123
22125
22127
14685
18648
16324
22146
22146
22149
25357
22156
22158
22158
22159
22159
23762
10236
21924
22172
22173
22173
22173
22178
22183
22185
22190
22201
22202
22205
22208
22211
22212
22214
22219
22220
7986
22233
22234
22239
22241
22242
22243
22251
7672
22264
22267
22274
22277
22277
31520
29842
22298
11388
8443
22315
22316
32348
20770
26895
22331
6707
22335
22337
22353
22356
22360
22366
22369
22371
22373
22383
22392
24107
22396
22400
22403
22407
22408
22412
22427
22428
4627
22435
22435
22439
22445
22446
22449
22454
22454
21974
22456
22456
22457
22470
15082
22482
22482
22483
22486
23249
22492
22496
9605
25375
12182
22509
22511
22522
22522
22524
22525
31577
22526
22533
22535
22537
22542
22542
22544
22554
22554
22554
4197
22559
22560
32616
22562
22562
22567
22568
22570
18069
22574
15489
22586
22588
22590
22591
22598
22601
22602
22611
22612
11400
16630
22616
22623
22623
22626
22628
8521
22634
1105
22639
22645
14284
22661
22665
22665
22668
22668
31561
22691
22693
22696
22700
22702
22708
14652
22711
22714
22716
22716
22726
12991
22736
11227
22744
22753
22756
22760
22769
22771
22771
22772
2841
22776
22777
22780
22782
22788
26471
8447
22799
22799
22807
22815
28011
22825
9704
11988
26128
22832
22835
24331
22837
16311
22842
22844
6151
22849
22852
22854
22855
22856
22857
22862
22874
22877
22879
22880
22881
9772
22886
22887
22895
22897
22899
22899
22900
22900
22901
22905
22906
22907
22908
22912
22920
22927
22933
22937
22938
22939
22940
22941
22951
22953
22956
22964
22969
22969
22981
22983
22987
22987
22991
22996
23005
28025
23021
23022
23022
2778
23028
23037
23039
23043
6045
23045
23047
23057
16633
23076
31097
23085
23089
8841
23098
23098
23104
23104
23106
23112
23113
23116
23118
23119
20380
23126
23142
23144
23144
23150
23151
23154
23155
23158
23158
23159
23161
23162
27253
23166
7672
23167
24681
23171
23177
10264
23185
23186
23191
23199
26276
23208
23211
8708
23214
23224
23225
23226
23227
23233
23239
22103
23243
23244
23244
23245
23247
22492
23250
29454
23253
23255
31591
23263
23263
23264
23266
23266
23276
23279
29922
23281
23284
25398
23293
23294
7211
23295
23295
23296
23298
23298
23303
4504
23311
23316
23318
23320
23341
23352
23353
23354
23354
23360
23360
23363
14863
23375
23380
23382
23390
15354
23406
4117
23418
16247
23420
23422
23423
23425
23427
23429
15712
23441
23445
23448
17531
23458
28512
23467
23481
23490
21827
23501
3669
23503
23504
23507
23511
23512
5367
23514
23519
23520
23520
23520
23528
23531
23537
23537
23538
24103
23550
23553
23555
23561
23568
2863
23582
23586
23586
23602
23615
23619
23620
13045
14122
23625
7648
23632
23634
23636
23640
23645
25333
23654
23657
23659
23661
23669
23670
23670
23670
23671
23690
23695
23696
23697
23699
21731
23701
14648
23707
23707
23709
14017
23716
23717
23720
23721
23722
23723
23724
23728
23729
23734
23739
23740
23759
23760
22162
23763
23773
23773
23778
23782
11912
23782
23783
23786
23788
23791
23792
23795
23800
23802
7142
23806
23810
23816
23825
23825
23825
23826
23827
3844
23836
23838
23840
23847
23849
23861
23861
23865
23875
23876
23876
23884
23890
23891
23901
23909
23921
23926
12595
18201
23932
18347
23938
23940
23943
23943
23950
14794
23953
23957
23958
23958
23961
23965
23968
14796
23971
23975
23988
23990
23990
24002
24005
9112
5578
24026
24030
4831
24033
24033
24036
24040
24042
24043
17134
25348
24049
24053
24055
24057
24060
24062
24064
24069
18466
24072
24074
24076
24083
24083
24084
24086
24098
24098
24099
24101
24103
23542
22394
24108
24110
24111
24112
24140
24142
24143
24147
24150
24154
20947
24156
24166
24172
24175
24177
24179
25098
24185
30237
24187
24196
24201
24207
24209
24211
24214
24217
24218
24218
29627
24222
3103
24226
24228
17718
24236
24239
24245
24251
24254
24256
24259
24265
24266
24267
19613
24271
24276
24290
24291
24296
24300
5633
24304
24307
24311
24319
24319
4272
22836
24331
24331
24333
24340
24341
24342
24344
24347
24353
17659
24374
24380
17816
24384
24387
1681
24404
24410
24414
24417
24418
24421
7702
24423
24424
24433
24434
24436
24436
24438
24454
9378
24465
24471
10968
24471
24471
24472
29491
24476
24477
24481
26932
9370
24496
19835
24502
24530
24531
24538
24540
24550
24557
24570
24573
24575
24577
24580
5583
24583
24585
24596
24596
24601
24602
24603
24611
24614
24619
24622
24631
24631
24632
24636
24636
24641
24655
24660
24661
24663
24665
24668
19481
24671
6124
15236
24674
24681
23168
2929
24685
24690
24693
24702
24710
24710
24714
24720
24723
24728
24738
472
24743
24744
25195
24745
24745
2808
24749
24750
24751
24752
24752
24752
24754
24755
24756
24757
24760
24766
24776
7268
24785
17392
24788
24792
24793
24798
24802
24804
24808
24808
24808
24809
24814
24814
6041
24815
24820
24821
24827
24828
24830
24836
24847
16254
24851
24852
24853
24861
24867
4101
24871
24881
24882
24882
24885
24888
24888
24888
5068
29810
24905
24906
24914
24925
24930
24931
31133
24934
24940
324
24947
2591
24949
24950
24952
24954
24969
24988
24993
24994
25000
25000
25004
25005
25007
25014
25014
25019
25022
25033
25034
25035
31154
25041
25043
25043
25044
25048
25050
25058
28609
25064
25077
25078
25080
25231
13865
25085
9350
25090
15431
25091
25092
14283
24185
25108
25109
25119
7211
25126
25131
25134
25143
25154
25159
25164
25168
25174
25186
25195
24745
3943
25197
25198
25200
25210
25211
27925
25215
25223
25224
25226
5584
25082
25241
25242
25243
25244
25245
18447
25253
10852
25262
25265
25269
25270
25271
25276
16342
25285
25285
25287
29233
15613
25289
25289
25293
25299
16195
25300
25300
25301
25313
25626
25317
25318
25322
25322
25323
25328
23652
25334
8189
28226
25339
25341
25342
27178
10514
25349
25349
25351
25351
25352
25356
13382
25359
25360
10701
25362
25363
25365
25365
17642
25373
22503
25376
25377
25381
25385
25389
25391
13321
25394
23285
12682
25405
25407
25411
25412
25414
25424
25424
25429
25437
25439
25442
25451
9516
25456
28273
25462
25468
6119
25479
25489
25491
25503
25505
6035
25506
25513
25518
25521
27667
25525
25526
25533
25535
25535
25537
5141
25541
8882
25545
25548
25552
25554
25556
25557
25559
25559
28878
25577
25579
2274
25582
25591
11340
25598
25600
25602
25604
25619
25620
14005
25315
25628
25629
25633
25636
25641
25651
25653
25653
5515
25656
306
25663
25671
9352
25674
25680
25682
25696
25698
25707
25708
25709
25709
25709
25713
17885
17355
25729
25731
25739
25741
2257
25746
25753
25753
25757
25757
12016
25760
25760
25761
25762
25764
25767
25775
25775
25779
25780
25781
25786
2923
25790
25791
25791
25792
25794
25795
25797
25800
25802
25806
25809
25810
25811
25816
25818
25822
25823
25825
25830
25831
25835
25836
25840
25846
25849
25849
25858
25861
25861
25866
25867
25868
25881
25882
25883
25884
25887
25888
25888
25889
25890
25895
25896
25898
25900
25906
7591
12913
25919
25921
18974
25931
25940
25953
25959
25964
25964
5224
25974
25977
2869
3062
25989
25998
2073
25998
26004
26006
26846
26013
20477
15506
26029
26031
26040
26041
15777
26046
26047
26049
6003
26059
26060
26065
26067
26068
26071
26072
26072
26079
26081
26091
26091
26092
26100
26101
26102
26105
26111
28954
26118
26119
26123
9253
22831
26128
26135
26136
20283
6523
26150
26154
26155
26158
26161
26162
26163
26433
26168
4803
26172
6938
26175
26176
26178
26178
26180
26181
26181
26183
26188
26193
26198
26199
26204
26204
26206
26209
26211
29394
12808
7154
26230
26232
26232
28605
26243
26243
26247
26248
26252
26253
26257
26263
23206
26277
26286
26291
26294
871
26299
26301
26301
26303
26310
26310
26316
26317
26319
26319
26322
26326
26329
26330
26332
26332
26337
26339
32654
26347
26358
26364
26366
26370
26372
26372
26377
26386
26389
26391
15874
26395
26400
26403
26405
26408
26418
26425
26428
26431
13785
13692
26438
26440
26440
26443
26444
26444
26444
26444
26451
4036
26457
26457
20313
26461
26462
26468
26468
26471
22790
2413
1088
26482
26487
26490
26498
26500
12824
26503
26508
26512
26512
26514
26515
13011
19552
23060
5290
6687
26528
26528
26531
26536
26537
26539
26540
26541
5083
26544
26544
26550
30017
26552
26553
26554
26559
26561
26566
26571
26573
26580
26581
26584
26586
4314
26594
26595
26595
26600
26600
26607
26609
26609
26618
26620
26625
26629
26631
26636
26638
26640
26640
26641
26641
26646
26649
26649
26654
26660
26663
26663
26672
26679
26682
13517
26695
26696
26706
21517
26709
26714
26719
26727
26736
26742
26758
26759
26763
26763
28416
26764
26768
10534
7475
1378
26772
26777
26778
26783
26788
26790
26791
26797
26797
18664
26798
26803
26805
4038
26807
26811
26828
26835
26011
26846
26847
26858
26859
26872
26877
26880
26882
26883
26892
9664
3625
26900
26906
470
7889
26911
32420
26923
24492
26933
26934
26934
26938
26946
26946
22503
26957
26957
26958
26960
26963
5078
26967
26972
27036
26973
26981
26981
26994
26995
6622
27001
27001
27003
27004
27007
27009
27011
27013
27020
27022
27022
27022
27030
27034
27035
27036
26973
27039
27048
27063
27070
27078
27079
27086
27088
27089
27097
27101
28624
27110
27112
27122
27126
27126
27130
17438
27140
17328
27146
27147
27154
8753
27165
27166
27166
27172
27176
25348
27194
27200
27206
27209
27217
27219
27224
11594
27228
27229
27233
8296
27249
23164
27255
27256
27263
27280
2179
27288
27291
27296
27297
27299
27299
27299
27299
27305
7032
27306
27311
19967
244
27314
27326
27326
27333
27336
27336
27337
27340
27341
27343
27348
27350
27351
27353
27357
27364
27366
28532
27369
27369
27369
12142
27376
27380
27381
27387
27387
27389
27393
27400
27402
27403
27403
27413
27414
27426
16010
27435
27437
27442
27443
29924
27446
27453
27464
27466
27467
27472
27472
27476
27477
27480
7681
27483
27493
27496
27500
27503
27504
27507
14108
9
27511
27516
27529
27542
13114
27550
27550
27550
27556
27559
27560
27560
13084
27565
27569
32449
27573
27574
27587
27597
27597
27597
27601
27609
27616
27616
27623
27623
27637
27637
27647
24007
27652
27657
27657
27663
110
1980
27672
27674
27681
27687
27694
4911
27704
27706
27709
27711
27733
27733
27733
27734
27737
27737
27738
27740
27744
29835
27766
27766
27778
27781
20237
7922
27791
2305
27797
27797
12094
27799
27811
27812
27813
27818
27827
27830
27836
27849
27855
27856
27866
27869
27870
27876
27877
27878
27882
27896
27898
27912
27917
27918
27924
11492
27938
27949
27952
27963
27976
27978
19472
27979
27980
27985
27996
27999
27999
28000
351
28004
28006
19071
28011
7093
31496
28021
26770
28027
28028
28029
28041
28048
28064
28064
28074
28076
4035
28081
28084
28088
28091
28095
28097
28105
28106
28110
28110
28110
28112
28116
28505
28123
15531
28126
13184
28128
28143
28147
28147
28149
28154
28157
28157
28162
28164
28165
28165
28165
28171
28172
28175
18822
28181
28186
28190
28196
28199
28200
28200
28204
28212
28216
28223
28223
25339
28227
28235
28243
28243
28243
28248
28249
6768
28255
28257
28260
28260
28261
28262
28267
28269
25462
28273
28274
28278
28279
10640
28282
5874
28287
28289
28290
28295
28295
28296
4029
28300
28310
28313
28317
29118
28320
28322
28322
28343
30388
1112
28354
28359
28365
28367
28374
17953
28384
28385
28390
28390
28393
28394
28398
28414
26764
28425
28429
28431
28434
28436
28437
28443
28449
28452
28452
28454
28457
28459
28462
28463
5616
28465
13582
3464
28469
28474
28481
28481
28483
28486
28487
28487
28504
8199
28508
28512
23460
28513
28516
29438
30815
27367
28533
28536
28542
28543
28545
28547
28549
26807
28549
28554
28560
28567
28569
28571
28574
28576
28579
28583
28584
28587
28593
28594
28596
28598
28601
28601
28605
26241
219
28611
28613
3113
7949
28624
28631
28635
28636
17440
28638
7109
28647
28647
28649
28653
28655
28657
28676
28680
28680
28686
11902
28692
28695
28695
28697
28697
28699
28699
28699
28706
4042
28714
28714
28723
28726
327
28731
28735
28735
28737
25657
28740
28741
28750
3950
28762
28765
28772
28773
28774
28776
28779
28780
28786
28787
28793
28795
28803
28808
28810
28815
28817
30954
3648
28822
28822
28830
28830
17692
28834
28835
28839
20311
28841
28843
28848
28851
28855
28855
16475
28859
28863
11868
28872
28875
28876
28877
25565
28880
28882
28892
28893
28896
28897
28898
17259
28904
28905
28909
28909
9488
31271
28914
28920
28922
28926
28927
28930
28932
28933
28941
28943
28947
28948
28948
26118
28955
16591
28963
28967
28969
28981
28984
28987
28992
28996
4719
28999
29001
9173
29012
29012
29016
29018
29018
29019
29021
29028
29031
29036
20898
29043
29048
29049
29053
29061
29067
29067
29069
29080
29088
29089
29091
29096
29098
29107
13219
29109
29110
29111
29114
29115
29116
29117
29117
3308
29118
29121
29122
29123
29123
29134
29136
29137
30860
29141
18795
29144
29145
29146
29150
29152
29170
29175
12991
29180
29181
29187
30741
29189
29190
29193
29197
29202
29204
29215
29219
29220
29224
29231
25287
29236
29236
9064
29241
29243
19141
29245
29246
29248
29253
31150
29258
12281
29268
29270
29272
29287
29288
29290
29290
29290
29290
29291
29302
29303
16183
29308
29311
29315
10767
29338
29346
29346
29351
29352
29354
29356
29358
29360
29366
29372
29373
29374
29378
29386
29391
26214
29398
29399
29402
29404
24022
29413
29415
29417
29419
29420
29430
29434
29434
29437
6515
29442
29443
29445
29446
29451
29452
29454
4032
18063
29457
29458
19465
29469
29473
30013
29487
24475
29495
29506
32753
29524
29530
29531
29534
29540
29541
29547
29548
29554
29560
29566
29567
29569
29577
29586
29586
29587
29590
29591
29593
29594
1809
5173
29614
29615
29617
7829
29618
6437
29620
24219
29629
29634
29637
29638
29639
29642
29643
29646
29648
29648
29651
29654
29656
9323
29670
29671
29672
29673
29673
29675
29677
29677
29678
29680
29681
29685
29691
7826
29696
5788
29699
29708
13700
29722
29727
15631
29730
29730
29733
29741
6735
29754
29759
29761
21385
29766
29774
29775
29782
29788
29788
29788
29793
29808
30052
29811
29811
29812
29812
29814
29819
29821
29821
29833
29833
29833
27749
22291
6350
29847
29849
29850
29852
11694
29860
29861
29864
29866
15509
29868
29870
29873
30987
29877
29881
29884
29902
29903
29904
29905
555
29913
29919
2875
23280
18878
29925
29926
29927
29932
29937
29937
31468
29938
29939
29942
29949
29949
29951
29954
29961
29965
29970
29971
29972
15087
29977
29978
29978
29982
29982
29988
29989
29989
29991
29997
29999
30003
30004
30005
30007
30008
30010
30011
30011
4755
6746
30021
30022
30027
30028
30035
14950
30042
30044
30045
24905
3653
30054
30060
30065
30068
30069
30071
30076
30079
30079
30080
30080
30081
30084
7916
30091
16829
30100
30102
30110
30112
30113
12373
30115
30116
21298
30127
30130
30131
30132
30134
30138
30138
2192
30144
30147
30148
30149
30163
30164
32440
30172
30176
30182
30183
30183
30185
30196
30198
30201
30206
30206
30209
30212
30216
30219
30220
30222
30222
30223
30226
30227
30227
30230
30231
30234
30235
32326
21045
8808
30245
30246
30248
30252
30253
30259
30265
30266
30269
30269
30274
30275
30280
24742
30290
10436
30294
30299
30302
30320
8362
30322
1519
30333
30334
30344
16723
10197
30356
30363
30370
4760
30372
1135
28351
30389
30391
30391
30393
30395
30405
30413
30413
30418
30419
9968
30424
15535
30431
30432
30432
30434
30440
30440
30441
30445
30448
30449
30452
30456
30462
9332
7731
30472
30478
30481
30484
30492
30494
30496
30505
30505
30505
30511
30513
19108
30521
30522
30526
31061
30533
30537
30538
30539
30543
30543
30548
30548
30549
30553
30558
30559
30561
30569
30571
19548
30577
30577
30582
30592
4388
30599
30601
30603
12226
22075
30610
30611
30615
7700
30631
30634
30636
30639
30639
30641
30652
30658
30658
30660
30660
1998
30667
30668
1429
30673
30675
21503
30680
30686
30688
30691
30693
30694
30699
1924
30710
30717
30724
30726
30727
30731
30735
29189
30742
22134
30744
10737
30756
30759
30761
30765
30770
846
30778
30779
5749
30785
30787
30790
30792
30793
30800
30801
30806
30807
30808
30812
28528
30819
5256
30826
30826
30831
30833
30833
30836
30847
30849
30851
29138
30863
30865
30870
30873
30879
30881
10959
30883
30888
30890
30893
30899
2134
30902
30902
30903
30909
30911
30914
30915
30919
30921
30925
30939
30939
30945
30947
30947
6162
30951
28819
30954
14957
30956
30958
30965
1844
30969
13027
30972
19693
30973
17231
30980
30981
29874
30993
30995
31001
31003
31003
13550
31011
31015
31015
31015
31021
31022
31024
2957
31037
31039
31039
31042
31045
31077
31047
31048
31050
31053
31896
8631
31064
31070
31076
31076
31045
31799
31088
31089
6837
31093
31095
31095
300
32079
31098
31101
31105
31105
31106
31108
32615
31110
31118
31120
31121
31121
31123
8886
31317
31131
24934
31134
31136
31139
31141
31146
31147
31148
31149
29258
25041
31158
31164
31164
13849
31170
31176
31180
31181
31182
31187
31187
16868
31191
31198
31202
31203
2881
19799
31217
31220
31230
15440
31235
16314
13870
31244
31246
31249
31254
31254
31259
31264
31269
31270
31271
28914
31272
31272
31272
31275
31275
31277
31283
31283
31285
31292
31309
31313
12347
31314
31316
31128
31320
31323
31325
5375
31333
31334
31338
31339
31340
31345
31355
31361
31917
31366
31368
31368
31371
31373
31375
31378
31379
31381
31391
31393
31401
15844
31409
31413
964
31414
31415
31419
31425
31428
31428
31431
31431
31435
31440
31446
31464
31464
3532
31468
31481
31481
31482
31483
31484
31485
31488
13952
28013
31496
31499
31508
31509
31509
31510
4856
31517
31517
31518
31518
31519
22283
31529
31530
31539
31542
31548
31548
31554
106
31561
22673
31562
31562
31563
31570
31571
16029
31576
1256
22526
31578
16729
31579
31582
31588
31590
23259
31596
31599
31599
31604
31604
14601
31611
31611
16612
31616
31616
31623
31627
31629
31634
31635
31637
31641
31656
31662
31666
31669
31673
31680
31686
31690
32764
4310
31703
31704
31705
16120
31716
1574
19451
15449
31726
31726
31730
31735
31736
31747
31754
31755
31758
5714
31764
31773
31777
31781
31781
31784
31786
31791
31794
31798
31078
31803
31803
31811
31821
22163
31824
16651
31826
31829
31834
31834
31839
19686
31843
31843
31843
31844
31847
31847
31852
31853
31854
31854
31857
31860
31864
31874
31876
31876
31878
3490
31893
31055
31901
31902
31902
31902
31905
31911
31912
31915
31917
31366
31918
31919
11170
31921
31926
31928
31934
31936
31936
11086
31941
31952
31957
12020
31959
31962
31971
31975
31978
31981
31981
31988
31988
4592
31991
31993
32002
32003
32005
32007
12838
32017
32020
9515
32043
32050
32051
16032
32072
32078
23078
32082
17586
32088
8275
32093
246
32095
32097
32097
32099
32102
32104
32106
32107
32111
10539
4547
17858
32128
32133
7311
32142
32148
32149
32152
32153
1964
32160
32163
32166
8562
32171
32172
32176
32179
32181
4928
32195
8814
32201
21563
32203
32204
32204
32205
32208
32218
32224
32227
32234
32236
32238
32245
32249
32251
32256
32256
32262
32263
32270
32281
32282
32292
32297
32307
32311
32312
32313
32315
32316
32319
32324
30235
17947
32332
32332
32337
32343
32346
22317
13604
32353
32356
32357
10033
32368
6284
32380
32380
15467
16200
32383
32387
32389
32390
32390
32399
32401
32406
32406
32409
10099
32413
26917
32421
14047
32430
32430
32439
6487
32440
32441
32442
32445
4928
32449
32449
27572
32451
32453
32453
32455
9504
32461
32466
32473
32474
32476
32476
32478
32489
32499
32499
32501
32503
32509
32516
32522
32526
32528
32528
13165
32536
32541
32543
32544
1090
32551
32556
32557
32557
7861
32558
32559
32564
32573
32580
14701
32583
32585
32591
32593
32599
32599
10372
32612
31108
22560
4288
32619
32627
9792
20993
32645
20324
32649
32652
32653
32653
26341
32655
32656
32659
32660
32662
32674
32675
32677
32678
21450
32686
32686
10017
32690
32693
32704
9118
32708
32713
32736
32743
32745
32749
32751
32752
29523
32758
32764
31691
