1274
1447
1518
2016
2020
2424
24753
3184
3525
29397
19657
4166
4262
7059
5080
5213
5261
5505
5579
5861
6129
6702
4362
7117
7141
7259
7429
3693
9157
9557
10103
10195
10683
10786
11146
12386
12405
13219
13892
14174
15047
15109
16005
2513
16613
16709
17099
17220
17297
17324
17347
17421
17458
17872
25649
3529
18454
18925
19566
8563
19784
19871
19881
20279
20393
21133
21664
21833
22523
22626
23016
24520
24615
24744
16451
24787
24925
25090
25123
25266
25605
18196
26568
26512
26117
29262
27104
27232
27409
28627
29017
26983
18443
30345
30628
30633
31525
32052
32147
32753
