-9971912
-9977944
-9989073
-9967863
-9973922
-9978587
-9968848
-9979940
-9967972
-9990016
-9995494
-9985432
-9971872
-9971900
-9970463
-9971939
-9980318
-9985772
-9981913
-9987228
-9978243
-9970636
-9990733
-9979331
-9990465
-9999540
-9974241
-9967578
-9990468
-9975704
-9981744
-9986496
-9999065
-9971390
-9998548
-9981779
-9999197
-9971516
-9990138
-9984964
-9997610
-9995831
-9990307
-9992376
-9990721
-9984220
-9982393
-9973283
-9968822
-9992989
-9994456
-9989859
-9978078
-9988395
-9993689
-9969182
-9981241
-9981879
-9968157
-9994587
-9995296
-9989863
-9977759
-9968481
-9984814
-9972761
-9972662
-9972691
-9989231
-9989721
-9980333
-9981831
-9995593
-9970083
-9967876
-9993641
-9969453
-9993432
-9980803
-9985427
-9981437
-9987712
-9996035
-9974121
-9990203
-9999428
-9991930
-9982326
-9972982
-9978153
-9968074
-9991241
-9997172
-9967245
-9991625
-9977742
-9973918
-9970658
-9970191
-9985453
