-9971938
-9998395
-9968147
-9996530
-9990903
-9977233
-9993748
-9989289
-9968993
-9973599
-9994311
-9985785
-9985143
-9973198
-9984160
-9979572
-9998253
-9969333
-9996558
-9978818
-9971263
-9996179
-9979780
-9969912
-9976217
-9989707
-9980870
-9968311
-9972108
-9974945
-9972983
-9991750
-9979441
-9980534
-9976549
-9971184
-9982875
-9982662
-9994002
-9991644
-9990975
-9967453
-9982337
-9993647
-9977635
-9987931
-9973061
-9982691
-9970377
-9976941
-9973962
-9975780
-9977304
-9978568
-9991649
-9978862
-9985167
-9969636
-9973132
-9977768
-9982441
-9999357
-9972622
-9974399
-9977742
-9982537
-9981360
-9985220
-9967488
-9972729
-9988820
-9968260
-9986945
-9988592
-9975226
-9988905
-9969222
-9990469
-9977748
-9968084
-9972317
-9997945
-9995851
-9978487
-9974494
-9995127
-9976462
-9973684
-9994707
-9974863
-9972126
-9981304
-9967719
-9998002
-9991899
-9972822
-9999569
-9996332
-9998605
-9982372
-9974269
-9981731
-9998194
-9982039
-9989375
-9996945
-9986699
-9987742
-9968695
-9979011
-9995429
-9968703
-9995331
-9984848
-9999913
-9969075
-9975465
-9999769
-9998755
-9981955
-9979455
-9975044
-9995155
-9984352
-9968993
-9970615
-9990646
-9968260
-9994705
-9967766
-9985938
-9983178
-9998955
-9981499
-9967364
-9992462
-9980560
-9971896
-9972106
-9984838
-9983823
-9987598
-9981328
-9979612
-9980499
-9975147
-9996539
-9973713
-9991823
-9982246
-9982776
-9993361
-9994923
-9992059
-9968387
-9970838
-9993516
-9985542
-9985014
-9969599
-9993830
-9993216
-9973720
-9986669
-9970721
-9979706
-9996194
-9986658
-9990924
-9977820
-9992272
-9986137
-9988581
-9987806
-9979756
-9990756
-9982564
-9993026
-9970523
-9997063
-9968619
-9968150
-9974629
-9992472
-9980910
-9968939
-9988997
-9968724
-9981987
-9983125
-9981941
-9980609
-9977448
-9991905
-9999479
-9970374
-9981560
-9987096
-9978724
-9979402
-9967948
-9967479
-9984117
-9976079
-9988689
-9987050
-9993043
-9986957
-9973326
-9983820
-9979359
-9989519
-9980947
-9986144
-9978434
-9991503
-9990881
-9999245
-9997491
-9984465
-9972379
-9972316
-9979146
-9999936
-9974193
-9968050
-9976839
-9988619
-9991367
-9984717
-9996385
-9980350
-9972775
-9978622
-9990033
-9983137
-9988844
-9995819
-9981532
-9980689
-9972714
-9977858
-9989409
-9978272
-9971807
-9969661
-9989094
-9997550
-9995355
-9999385
-9974307
-9970245
-9968878
-9997909
-9997900
-9988342
-9995286
-9978091
-9990432
-9975926
-9991782
-9989456
-9990323
-9994038
-9983606
-9970156
-9994044
-9981509
-9992717
-9994905
-9994654
-9979303
-9983247
-9992156
-9974199
-9969011
-9981479
-9986277
-9992299
-9979822
-9980212
-9970758
-9972590
-9987816
-9974644
-9976694
-9984724
-9999771
-9969009
-9999620
-9968218
-9976382
-9973422
-9988506
-9990769
-9987115
-9994000
-9985975
-9987342
-9989429
-9970189
-9968171
-9974322
-9985031
-9990038
-9997649
-9979963
-9978686
-9983684
-9975567
-9997288
-9967941
-9979461
-9999757
-9987117
-9979123
-9991812
-9992375
-9975227
-9984741
-9970073
-9996916
-9976397
-9979803
-9991414
-9972130
-9985970
-9986644
-9980110
-9991128
-9968287
-9970856
-9988419
-9968090
-9984305
-9994986
-9993558
-9984730
-9994563
-9969979
-9983886
-9978484
-9971316
-9986413
-9976933
-9995622
-9987062
-9995677
-9988726
-9967890
-9995799
-9986957
-9990247
-9986484
-9990032
-9987269
-9968791
-9999202
-9987728
-9981800
-9998982
-9970119
-9975174
-9999319
-9982472
-9984670
-9980849
-9968391
-9976872
-9996015
-9980264
-9982369
-9986524
-9973515
-9970729
-9989085
-9971821
-9985353
-9981538
-9969182
-9998243
-9993085
-9998081
-9979468
-9971123
-9971515
-9991357
-9978357
-9991400
-9967824
-9998626
-9989409
-9991955
-9992443
-9987933
-9995768
-9984691
-9978222
-9976523
-9990421
-9971171
-9995271
-9972034
-9968296
-9995014
-9974990
-9977117
-9990221
-9978676
-9982637
-9986825
-9973678
-9986658
-9997041
-9990034
-9995737
-9967955
-9974659
-9969771
-9976673
-9980226
-9975781
-9979263
-9988407
-9981259
-9983213
-9993659
-9990725
-9993628
-9977667
-9974679
-9977294
-9990239
-9998492
-9979241
-9989768
-9978981
-9967539
-9995626
-9998965
-9994642
-9987851
-9993603
-9996165
-9984780
-9977445
-9970400
-9998572
-9985826
-9972482
-9987377
-9984323
-9986300
-9992856
-9979328
-9985376
-9971718
-9985301
-9986615
-9993205
-9974044
-9982229
-9969454
-9971178
-9997685
-9975587
-9985653
-9988985
-9972560
-9971635
-9989414
-9986574
-9999456
-9988058
-9999720
-9969371
-9989624
-9967826
-9994244
-9978429
-9979637
-9993776
-9982377
-9981906
-9994094
-9991906
-9973758
-9981782
-9983517
-9995498
-9968235
-9990720
-9987978
-9994204
-9978534
-9976351
-9972477
-9981463
-9982206
-9984948
-9976096
-9978053
-9977962
-9984718
-9988214
-9989779
-9977424
-9968361
-9997182
-9972016
-9976342
-9986181
-9985190
-9988487
-9998441
-9994054
-9987057
-9981627
-9993807
-9973967
-9986663
-9997285
-9979885
-9982046
-9998143
-9986191
-9977624
-9991975
-9974477
-9992174
-9999772
-9975152
-9988908
-9980642
-9971534
-9987183
-9971371
-9986222
-9971667
-9981158
-9969655
-9996919
-9986094
-9969275
-9988109
-9991549
-9988107
-9991128
-9980380
-9973786
-9995980
-9985925
-9999292
-9993598
-9971798
-9977224
-9998994
-9999399
-9998747
-9979320
-9980607
-9970465
-9978087
-9968357
-9976525
-9976322
-9971179
-9982632
-9974743
-9990051
-9969033
-9974282
-9999291
-9986974
-9985380
-9968343
-9989377
-9991818
-9976613
-9987518
-9988232
-9983224
-9993101
-9970992
-9989366
-9974060
-9999679
-9997556
-9983964
-9979803
-9999177
-9992844
-9983147
-9996840
-9995127
-9984587
-9968986
-9997852
-9968727
-9987378
-9973971
-9967849
-9996042
-9991053
-9980705
-9987998
-9992399
-9986129
-9972570
-9997608
-9996368
-9976114
-9990988
-9995085
-9988778
-9975686
-9972970
-9980520
-9995326
-9977308
-9978228
-9974756
-9992505
-9983578
-9989736
-9974650
-9972196
-9989594
-9995307
-9982762
-9979563
-9979843
-9992822
-9971193
-9988078
-9987752
-9971329
-9983342
-9983369
-9987489
-9969393
-9971149
-9988644
-9993835
-9968001
-9997585
-9977403
-9975872
-9981554
-9975978
-9996012
-9993079
-9973171
-9969146
-9983107
-9995739
-9990607
-9990544
-9968837
-9993163
-9985177
-9969953
-9977087
-9998869
-9972121
-9972810
-9985996
-9997457
-9994804
-9992200
-9990825
-9997695
-9994141
-9992434
-9967417
-9990561
-9995902
-9982011
-9976920
-9975063
-9996389
-9975657
-9980641
-9968893
-9991920
-9983701
-9998911
-9970117
-9991351
-9986785
-9986228
-9983572
-9998331
-9968636
-9991019
-9979871
-9999123
-9997654
-9972286
-9998978
-9975441
-9971298
-9972551
-9971364
-9978167
-9997070
-9986599
-9992972
-9986460
-9975492
-9996057
-9971650
-9981340
-9981471
-9968053
-9971110
-9991043
-9976684
-9993092
-9973458
-9980152
-9990631
-9999943
-9993135
-9995178
-9991089
-9976326
-9984217
-9979836
-9991827
-9969370
-9982386
-9967601
-9978740
-9975418
-9989063
-9999254
-9972890
-9976198
-9973477
-9981490
-9975459
-9968790
-9991673
-9981166
-9982017
-9984256
-9979051
-9991621
-9974968
-9975148
-9969081
-9993323
-9983256
-9992728
-9999891
-9967869
-9987129
-9977066
-9969851
-9999469
-9986425
-9974074
-9981785
-9991851
-9977399
-9971548
-9995168
-9986706
-9992718
-9971694
-9981282
-9989016
-9982417
-9983719
-9990516
-9990452
-9985354
-9996890
-9983299
-9980941
-9975729
-9978125
-9980722
-9984231
-9998061
-9987261
-9993145
-9973069
-9975180
-9995310
-9987901
-9994750
-9999234
-9990388
-9977007
-9969431
-9998755
-9989379
-9994471
-9983492
-9984994
-9982967
-9978557
-9983271
-9999942
-9989155
-9983980
-9986373
-9986224
-9980763
-9985702
-9978036
-9979214
-9993089
-9994229
-9987141
-9989597
-9980624
-9973463
-9968113
-9976737
-9991145
-9986072
-9983301
-9969188
-9996705
-9991917
-9984398
-9979056
-9982600
-9986644
-9982404
-9995917
-9994297
-9971501
-9970230
-9969146
-9989732
-9982744
-9994234
-9998828
-9983387
-9999372
-9968145
-9988744
-9969118
-9990331
-9986140
-9997409
-9977063
-9985447
-9974850
-9983601
-9980981
-9972482
-9998109
-9985752
-9978586
-9996106
-9988711
-9988694
-9993988
-9999008
-9991593
-9992840
-9997132
-9977579
-9987614
-9998052
-9980864
-9992367
-9989161
-9991286
-9993905
-9983149
-9968253
-9977943
-9977149
-9977402
-9980677
-9982193
-9987995
-9986656
-9981335
-9990644
-9972009
-9982901
-9989211
-9994005
-9994293
-9970429
-9998843
-9970060
-9991565
-9988225
-9969035
-9995338
-9990088
-9992749
-9973814
-9968381
-9981521
-9980523
-9994413
-9983941
-9975863
-9972674
-9994319
-9989042
-9980598
-9991468
-9985559
-9989636
-9999236
-9978682
-9974600
-9995809
-9994972
-9982440
-9987545
-9991252
-9978187
-9972545
-9997474
-9999690
-9999676
-9971377
-9986371
-9976909
-9978948
-9991469
-9997271
-9994301
-9968685
-9975300
-9983068
-9983826
-9998276
-9982081
-9995743
-9969043
-9999202
-9997896
-9998186
-9986579
-9971002
-9974381
-9973422
-9967345
-9973095
-9996628
-9973871
-9994253
-9970100
-9973067
-9999026
-9993354
-9967913
-9993191
-9999528
-9996039
-9976666
-9992226
-9994328
-9996443
-9975662
-9999664
-9976334
-9984661
-9973487
-9971236
-9986438
-9999087
-9977943
-9989702
-9998551
-9992086
-9968981
-9997873
-9995552
-9974876
-9984227
-9980335
-9977076
-9973687
-9984264
-9986644
-9984133
-9968194
-9967724
-9994972
-9979794
-9999600
-9970592
-9992004
-9998609
-9996817
-9993770
-9973161
